97
GCA_000011185.1_ASM1118v1_genomic_prot.fas                                0.0000000 1.2994194 1.4354121 1.0831488 0.9485832 0.7131963 1.0108476 1.3572713 1.0414501 1.2251292 1.4812448 1.3602463 0.8394451 1.3980192 1.4768552 1.0101132 1.2749853 1.4294634 1.0714796 1.0457164 1.1058808 1.7231525 1.4832196 1.1372600 1.2867368 1.4177905 1.0285276 1.2761973 1.1540328 1.0118596 1.2486394 1.4522099 1.4373505 1.3920919 1.0576588 1.2756205 1.4131537 1.4136108 1.1727321 1.3855765 1.3560405 1.2630152 1.4561768 1.0164837 0.9714152 1.5274081 1.1887321 1.2489649 1.1808645 1.3294998 1.1907482 1.2871764 0.9978397 1.0479861 1.4292000 0.8850708 1.1705493 1.6024844 1.0181534 1.0946443 1.4283676 1.6200994 0.9936560 1.5518444 1.0519999 1.3163984 1.4473893 1.3903032 1.4248731 1.4058243 1.8123039 1.4065848 1.5746458 1.9365290 0.9505404 1.4518535 1.3413763 1.4006852 1.4125511 1.2238148 0.9940205 1.3888057 1.0335097 1.5004031 1.3178460 1.4904550 1.3314434 1.3597549 1.4857638 1.4765757 1.4392424 0.9116565 1.2055712 1.3867218 1.0316599 0.9911938 0.8684082 
GCA_000011205.1_ASM1120v1_genomic_prot.fas                                1.2994194 0.0000000 1.2225109 1.2877440 1.0575087 1.1150567 1.1900655 0.7630692 1.0871436 1.4012115 1.0971118 1.1480046 1.2015898 1.0954943 1.4542077 1.1833614 0.9486139 1.4319483 1.2163608 1.2150171 1.0739342 1.4894444 1.5492661 1.2030330 1.0585451 1.4326850 1.2828800 1.0234158 1.2319156 1.2485776 1.0372646 1.5068811 1.4664411 1.5131386 1.2283159 1.1068484 1.2726558 1.2365004 1.0099443 1.3080764 1.2239468 1.0509788 1.2425776 1.0633217 1.1349699 1.6540149 1.2589969 0.6994028 0.9377399 1.1326294 0.9842895 1.3444400 1.2572674 1.3002559 1.2227753 1.2686089 1.4887594 1.6465913 1.4137177 1.1148644 1.4679679 1.6897221 1.2859017 1.2547206 1.2222646 1.3979359 1.4359715 1.3725206 1.4687915 1.4062775 1.7482076 1.3766544 1.5120333 1.9194999 1.2558496 1.4792697 1.3987585 1.4250193 1.4226934 1.1233621 1.2905825 1.4480939 1.0185946 1.3070895 1.3329304 1.4754763 1.4152380 1.3773769 1.5385909 1.4986094 1.5060985 1.2940928 1.1682512 1.2550496 1.1991141 1.2544973 1.2055605 
GCA_000019605.1_ASM1960v1_genomic_prot.fas                                1.4354121 1.2225109 0.0000000 1.4007690 1.1927749 1.2425891 1.3103480 1.2449123 1.2109323 1.4482263 1.3543418 1.2818073 1.3315120 1.3358017 1.5339235 1.2737649 1.1410553 1.5720089 1.3115017 1.3223654 1.1843693 1.6114820 1.5423309 1.2847153 1.2013313 1.5776831 1.3786265 1.2231916 1.3777578 1.3376592 1.1570817 1.6130575 1.5455942 1.6187824 1.3777487 1.2931972 1.4319466 1.3898016 1.1608686 1.4896828 1.3449344 1.1655253 1.3798713 1.1667930 1.2238965 1.6686935 1.3457821 1.1539906 1.0830911 1.2875215 1.0871567 1.5162426 1.4101007 1.4639396 1.3691916 1.3511762 1.5714900 1.7707442 1.5150555 1.2556839 1.5476046 1.7951463 1.4166634 1.5234540 1.3357300 1.4891431 1.5926210 1.5385180 1.5629570 1.5268822 1.9228365 1.5495567 1.6419710 1.9753090 1.3815318 1.5556016 1.5159434 1.5527183 1.5519014 1.2475566 1.3559877 1.5972025 1.0827740 1.5156068 1.4553666 1.5753358 1.4638005 1.5814030 1.5672577 1.6222639 1.6000514 1.3898059 1.2062408 1.3294838 1.2910626 1.3545913 1.3357337 
GCA_000021965.1_ASM2196v1_genomic_prot.fas                                1.0831488 1.2877440 1.4007690 0.0000000 0.7520342 0.9118018 0.6605084 1.3204114 0.9174299 0.8611052 1.4417364 1.2762903 0.8676838 1.4135907 1.3861711 0.7002733 1.2261773 1.3138229 0.6731999 0.6956709 0.9746326 1.6748031 1.3514702 0.9850019 1.1810569 1.3105722 0.9899583 1.1782042 1.0483691 0.7260797 1.1361921 1.4044526 1.3755663 1.4422925 0.8549774 1.1733472 1.3184533 1.2794274 1.0439680 1.2894190 1.2386214 1.1395775 1.4481541 0.8966822 0.7006135 1.4964173 1.0933726 1.1862533 1.0849134 1.2941909 1.0732976 1.1295311 1.0210291 1.0901371 1.4287294 0.9407840 1.1209265 1.5869166 1.1035975 0.9257151 1.3710329 1.5421446 0.9669021 1.5458991 0.6888976 1.2588271 1.3470875 1.2703961 1.3366210 1.2832211 1.7491242 1.2998116 1.4188675 1.8834413 0.9505771 1.3660633 1.2983214 1.3091666 1.2987335 1.1312888 0.9673022 1.3572952 0.9420581 1.4494711 1.2378431 1.4089399 1.2495574 1.2455785 1.3786480 1.4284371 1.3645412 0.9305532 1.0548570 1.2950514 0.8090299 1.0431799 0.8757918 
GCA_000025505.1_ASM2550v1_genomic_prot.fas                                0.9485832 1.0575087 1.1927749 0.7520342 0.0000000 0.7388464 0.6798660 1.0852642 0.7577243 0.8766972 1.1846122 1.1011762 0.8121630 1.1652498 1.1845369 0.6332199 1.0226881 1.1577444 0.6514622 0.6583127 0.8196608 1.4063606 1.2149054 0.8632043 1.0121042 1.1634187 0.9028314 1.0603293 0.9052309 0.6579002 1.0220953 1.2586347 1.2241955 1.2706926 0.7633118 1.0396913 1.1702275 1.1736585 0.8989851 1.1755734 1.1159828 0.9615784 1.2218348 0.7415726 0.5370815 1.3546828 0.9576161 1.0081111 0.8794972 1.0826162 0.9145781 1.0077512 0.9178393 1.0146896 1.2196672 0.8578411 1.0971105 1.4725633 1.0225957 0.7971479 1.1962972 1.4049648 0.9086810 1.3389127 0.6655502 1.1282350 1.1842445 1.1296291 1.2230117 1.1464590 1.5634963 1.1509110 1.2406251 1.6955265 0.8204126 1.2111814 1.1490731 1.1440905 1.1729104 0.9988700 0.8646023 1.1911845 0.7255227 1.2826512 1.0847940 1.2498952 1.0970123 1.1517612 1.2028882 1.2582127 1.1956069 0.8812235 0.8813980 1.1224742 0.6654556 0.8989380 0.8123928 
GCA_000025665.1_ASM2566v1_genomic_prot.fas                                0.7131963 1.1150567 1.2425891 0.9118018 0.7388464 0.0000000 0.8255431 1.1745192 0.7941070 1.0115469 1.2586961 1.1926590 0.6180044 1.2168057 1.2167642 0.7954019 1.0722617 1.2219924 0.8174940 0.8216368 0.8609870 1.4935750 1.2913111 0.9034639 1.0791139 1.1948891 0.7363646 1.0848527 0.9314069 0.7975241 1.0530175 1.3055505 1.2719059 1.3010801 0.8678829 1.0930337 1.2349356 1.1760258 0.9504065 1.1920984 1.1612998 1.0490595 1.2810935 0.7875840 0.7438254 1.3986640 0.9792436 1.0433536 0.9593193 1.1393209 0.9533012 1.0733351 0.8169832 0.8507663 1.2878510 0.6545946 0.9566592 1.4841431 0.8654886 0.8382917 1.2177544 1.4835267 0.7824663 1.4080845 0.8143240 1.1411557 1.2292804 1.1605289 1.2168158 1.2014251 1.6085254 1.1781251 1.2701036 1.7429936 0.6541498 1.2451373 1.1466865 1.1890152 1.2226077 1.0409235 0.7336587 1.1931225 0.7748918 1.3302932 1.1493657 1.2801175 1.1461280 1.1426643 1.2858369 1.2859885 1.2467858 0.6855610 0.9417654 1.1693942 0.8429452 0.7781673 0.6379997 
GCA_000063445.1_ASM6344v1_genomic_prot.fas                                1.0108476 1.1900655 1.3103480 0.6605084 0.6798660 0.8255431 0.0000000 1.2426228 0.8441640 0.7558725 1.3366626 1.2112109 0.7839274 1.3124731 1.2764173 0.6037466 1.1334217 1.2146731 0.5499276 0.5519296 0.8578088 1.5569837 1.2507598 0.8898359 1.1227912 1.2236236 0.8986161 1.0848812 0.9699942 0.6110381 1.0781126 1.3504964 1.2895870 1.3320722 0.7610362 1.0706617 1.2324101 1.1912808 0.9474775 1.1818790 1.1156303 1.0458397 1.3568225 0.8022390 0.5944619 1.4112570 1.0001542 1.0615626 0.9882562 1.1905541 0.9914238 1.0475291 0.9403880 1.0207195 1.3556603 0.8378699 1.0781168 1.5390458 1.0199993 0.8431733 1.2565037 1.4608387 0.9198884 1.4614661 0.5618706 1.1847566 1.2487398 1.1930382 1.2482280 1.1969736 1.6428893 1.1922067 1.3361911 1.7836242 0.8369349 1.2539875 1.2021304 1.2226589 1.1908002 1.0402936 0.8613433 1.2679937 0.8531870 1.3378579 1.1384932 1.3140005 1.1298602 1.1755268 1.2514433 1.3704054 1.2753288 0.8666659 0.9643775 1.1574622 0.6796571 0.9329444 0.7958573 
GCA_000145985.1_ASM14598v1_genomic_prot.fas                               1.3572713 0.7630692 1.2449123 1.3204114 1.0852642 1.1745192 1.2426228 0.0000000 1.1185581 1.4297888 1.0797876 1.1935617 1.2490790 1.1619027 1.5165955 1.2036820 0.9974397 1.4926219 1.2729580 1.2168413 1.0873006 1.5682592 1.5989020 1.2216337 1.0723973 1.4789572 1.3125139 1.0922310 1.2713371 1.2611410 1.0759926 1.5346160 1.5356373 1.5791687 1.2852236 1.1242449 1.3607169 1.2648623 1.0740374 1.3320946 1.2549774 1.0764318 1.2621012 1.1054389 1.1366145 1.6919598 1.3121948 0.6899031 0.9542948 1.1782566 1.0004628 1.3963216 1.3351507 1.3640937 1.2270206 1.3153232 1.5366325 1.7427995 1.4689902 1.1550919 1.5154832 1.7409383 1.3249033 1.2982142 1.2587796 1.4416553 1.5034324 1.4377232 1.4942747 1.4392203 1.8942543 1.4546181 1.5616752 1.9825849 1.3324191 1.5595199 1.4525822 1.4696067 1.4524663 1.1529061 1.3282195 1.5066438 1.0279704 1.3324230 1.4293271 1.5512105 1.4480979 1.5193005 1.6087245 1.5596245 1.5237821 1.3482666 1.1781913 1.2976414 1.2285250 1.3142138 1.3045496 
GCA_000214415.1_ASM21441v1_genomic_prot.fas                               1.0414501 1.0871436 1.2109323 0.9174299 0.7577243 0.7941070 0.8441640 1.1185581 0.0000000 1.0199030 1.2185339 1.1302101 0.9026418 1.1839642 1.1986847 0.8447170 1.0327140 1.1638051 0.8445860 0.8449686 0.8052424 1.4253518 1.2154289 0.8423569 1.0362675 1.1401694 0.9046359 1.0723999 0.8836272 0.8528424 1.0285443 1.2489471 1.2318384 1.2854598 0.8827427 1.0572163 1.1906747 1.1145539 0.8990817 1.1493254 1.1169317 1.0111854 1.2721456 0.7180840 0.7925484 1.3470939 0.9003404 0.9870097 0.8885968 1.1044629 0.9045674 1.0106380 0.9890309 1.0503610 1.2789174 0.9348819 1.2015246 1.4949024 1.1459541 0.7049107 1.1750493 1.4340529 0.9862645 1.4002470 0.8606660 1.0957019 1.2026006 1.1159418 1.2134205 1.1389236 1.5371232 1.1282253 1.2564836 1.7099737 0.8933392 1.2143753 1.0651425 1.1118428 1.1486008 0.9950186 0.9288359 1.1311771 0.6924661 1.3352552 1.0944358 1.2567887 1.1169991 1.1466483 1.2237328 1.2483353 1.1963612 0.9714574 0.8356794 1.1529463 0.8829172 0.9613478 0.9220005 
GCA_000230735.3_ASM23073v3_genomic_prot.fas                               1.2251292 1.4012115 1.4482263 0.8611052 0.8766972 1.0115469 0.7558725 1.4297888 1.0199030 0.0000000 1.5130188 1.3621639 1.0021266 1.4901066 1.4497754 0.8088889 1.3567519 1.4152275 0.7794681 0.7793201 1.0506243 1.7784609 1.2292524 1.0978671 1.3233731 1.4358286 1.1100598 1.2977408 1.1487358 0.8175429 1.2861634 1.4891584 1.4425122 1.4889125 0.8107691 1.2857695 1.4137924 1.3670038 1.1586048 1.3731451 1.3268724 1.2327416 1.5385311 0.9623685 0.8236221 1.6370737 1.1661818 1.3030350 1.1955342 1.3605481 1.1876691 1.2028695 1.1278410 1.2210712 1.5113192 1.0592385 1.2348057 1.7417734 1.2142204 0.9962203 1.4208753 1.6311384 1.0783750 1.6159030 0.7791249 1.3340653 1.4377424 1.3917618 1.4046542 1.3781365 1.7985073 1.4110193 1.5139406 1.9704128 1.0833666 1.4678718 1.3746463 1.4161042 1.3597445 1.1950755 1.0933554 1.4327859 1.0077421 1.5314145 1.2861865 1.5491705 1.3469661 1.4282579 1.4821707 1.5264027 1.4184619 1.0478035 1.0767381 1.3508740 0.8935491 1.0814923 1.0091937 
GCA_000247545.1_ASM24754v1_genomic_prot.fas                               1.4812448 1.0971118 1.3543418 1.4417364 1.1846122 1.2586961 1.3366626 1.0797876 1.2185339 1.5130188 0.0000000 1.2668514 1.3699944 1.2350083 1.6320663 1.2960863 0.9123380 1.5956364 1.3662849 1.3376812 1.2056097 1.6262564 1.6773950 1.3657754 1.1793330 1.6056475 1.4450614 1.1822720 1.3641398 1.3504402 1.1767618 1.6363785 1.5615669 1.6791649 1.4007006 1.2051173 1.4340367 1.4178954 1.1560777 1.4465125 1.4069159 1.1692659 1.3517930 1.2149227 1.2307677 1.8212846 1.3927980 1.0406850 1.0468116 1.2562807 1.1209906 1.4550932 1.4224950 1.4497529 1.2721586 1.3996201 1.6023086 1.8001822 1.5251112 1.2902639 1.6215111 1.8672650 1.4178565 1.4475665 1.3462695 1.5354166 1.6188594 1.5479785 1.6153007 1.5215691 1.9702329 1.5610550 1.6820502 2.1503558 1.4122932 1.6330303 1.5585059 1.6008880 1.5927172 1.2467314 1.3656553 1.6062905 1.1255277 1.4205155 1.5507554 1.6161232 1.5214549 1.5887679 1.7054188 1.7337094 1.6252337 1.4189476 1.2472951 1.3669573 1.2742934 1.3816969 1.3629287 
GCA_000270325.1_ASM27032v1_genomic_prot.fas                               1.3602463 1.1480046 1.2818073 1.2762903 1.1011762 1.1926590 1.2112109 1.1935617 1.1302101 1.3621639 1.2668514 0.0000000 1.2394092 1.2236796 1.5209615 1.1885259 1.1144322 1.5215612 1.2199452 1.2175774 1.1134248 1.6442601 1.5463940 1.2304314 0.9466679 1.4858117 1.2995533 1.1259292 1.2428806 1.2261314 0.9585130 1.5121057 1.4514343 1.5333504 1.2648260 1.0722677 1.3304934 1.2553036 1.0466891 1.3535186 1.2634381 0.9551724 1.1682165 1.0952509 1.1453606 1.7129257 1.2821457 1.0526730 0.8443889 1.0285661 0.9088202 1.3414238 1.3093016 1.3609251 1.1903553 1.2970695 1.4921989 1.7024867 1.4101967 1.1896955 1.4933761 1.7140186 1.3348412 1.3970699 1.2501283 1.4391812 1.5052942 1.4528122 1.5184186 1.4442601 1.8666656 1.4734777 1.5971674 1.9833418 1.2522617 1.5351048 1.4401961 1.4963255 1.4698414 1.2000431 1.3037599 1.5012216 1.0698915 1.2703180 1.3681159 1.5759576 1.4250499 1.4564045 1.5294391 1.5665453 1.5471841 1.2828154 1.2049772 1.0924625 1.2179958 1.3037664 1.2373099 
GCA_000308215.1_ASM30821v1_genomic_prot.fas                               0.8394451 1.2015898 1.3315120 0.8676838 0.8121630 0.6180044 0.7839274 1.2490790 0.9026418 1.0021266 1.3699944 1.2394092 0.0000000 1.3163417 1.2726963 0.8288940 1.1802111 1.2546361 0.8009316 0.8329109 0.9296351 1.5974845 1.3107905 0.9395191 1.1392629 1.2545978 0.7087282 1.0946424 0.9999011 0.8188141 1.0836216 1.3874349 1.2915439 1.3669497 0.8893231 1.1077580 1.2634995 1.2456311 0.9987532 1.2304141 1.1801896 1.0863288 1.3902245 0.8423736 0.7842964 1.5049014 1.0506152 1.1082435 1.0249014 1.2330942 1.0254052 1.0933293 0.8160975 0.8953812 1.3759913 0.5199627 0.9495211 1.5681528 0.8396625 0.9012362 1.2887063 1.4714953 0.7594504 1.4946793 0.8174667 1.1813876 1.2854564 1.2128186 1.2619797 1.2354039 1.6902645 1.2053254 1.3703304 1.8510435 0.6260815 1.3152109 1.2401309 1.2500343 1.2542824 1.0642695 0.7009859 1.2896108 0.8690224 1.4083733 1.1933029 1.3579608 1.1967442 1.2097456 1.3129501 1.4007619 1.2948731 0.5380265 1.0321374 1.2165345 0.8773000 0.8105409 0.4584798 
GCA_000398765.1_ASM39876v1_genomic_prot.fas                               1.3980192 1.0954943 1.3358017 1.4135907 1.1652498 1.2168057 1.3124731 1.1619027 1.1839642 1.4901066 1.2350083 1.2236796 1.3163417 0.0000000 1.6014548 1.2836002 1.0425034 1.5743854 1.3640410 1.3290367 1.1889539 1.5830405 1.6152529 1.2932720 1.1482165 1.5395916 1.3577224 1.1222764 1.3019795 1.3206977 1.1157487 1.5679405 1.5819219 1.6100505 1.3444783 1.1657045 1.3687918 1.3164500 1.0781038 1.4571770 1.3628324 1.1083092 1.2513464 1.1835619 1.1974482 1.7157901 1.3408043 1.0148796 1.0810023 1.2549973 1.0631037 1.4307318 1.3800307 1.4571915 1.2396043 1.4123653 1.6121954 1.7140410 1.5838245 1.2232462 1.5113100 1.7464462 1.4323658 1.3971310 1.3244388 1.5064812 1.5793086 1.5220327 1.6185315 1.5487394 1.9430267 1.5470975 1.6082076 1.9701812 1.4122026 1.6211525 1.4205197 1.5174809 1.4808758 1.2229397 1.3281450 1.4967942 1.1102083 1.3638763 1.4462369 1.5882210 1.5161235 1.5342897 1.6690024 1.6661155 1.6307392 1.3904777 1.3126770 1.3260026 1.2977659 1.3216840 1.3322211 
GCA_000402515.1_ASM40251v1_genomic_prot.fas                               1.4768552 1.4542077 1.5339235 1.3861711 1.1845369 1.2167642 1.2764173 1.5165955 1.1986847 1.4497754 1.6320663 1.5209615 1.2726963 1.6014548 0.0000000 1.2704503 1.3883352 0.8110655 1.2694731 1.2700185 1.1913051 1.4921703 1.4115556 1.1741206 1.3957948 0.7572779 1.3346218 1.4456154 1.1945542 1.2967915 1.3706522 1.6097383 1.5278905 1.5834020 1.3108919 1.4353991 1.6087435 1.5210122 1.3127997 1.5508952 1.4800146 1.3558458 1.6632204 1.0994548 1.2421760 1.4925387 1.2362957 1.4929070 1.2862833 1.4844387 1.2989034 1.2838240 1.3704332 1.3693651 1.6872480 1.2654815 1.5830957 1.4864794 1.5805331 1.1616974 0.9539563 1.2310800 1.3912849 1.7777745 1.2699432 0.8177135 0.8305359 0.7372079 1.1464951 0.8310429 1.7299593 0.8782941 1.1125892 1.7328718 1.2494483 1.3172502 1.4354283 0.7598679 0.8407517 1.3904081 1.3678803 1.4501567 1.0899001 1.6874336 1.3783891 1.0910943 1.2178052 0.7806203 0.8156691 1.0278823 0.8171056 1.4600354 1.2488960 1.4694471 1.2686811 1.3508208 1.3664336 
GCA_000711905.1_ASM71190v1_genomic_prot.fas                               1.0101132 1.1833614 1.2737649 0.7002733 0.6332199 0.7954019 0.6037466 1.2036820 0.8447170 0.8088889 1.2960863 1.1885259 0.8288940 1.2836002 1.2704503 0.0000000 1.0971322 1.2551120 0.5276251 0.5410874 0.8360369 1.5943873 1.2698637 0.9144129 1.0650431 1.2253224 0.9031338 1.1155815 0.9625194 0.6000638 1.0763570 1.3312430 1.2566143 1.3257581 0.7584229 1.1022794 1.2331683 1.1589360 0.9642567 1.2305291 1.1467254 1.0323921 1.3470152 0.8024800 0.5662527 1.4639325 0.9917426 1.0639861 0.9479422 1.1774515 0.9683409 1.0584904 0.9092217 1.0049647 1.2948840 0.8456985 1.0795541 1.5447526 1.0227313 0.8314695 1.2655689 1.5018069 0.9280771 1.3789987 0.5955281 1.1760786 1.2312763 1.1905894 1.2677577 1.1802982 1.6649016 1.2264284 1.3541304 1.8349120 0.8635826 1.2980557 1.2465452 1.2387121 1.2186369 1.0257232 0.8940452 1.2764685 0.8305031 1.3669415 1.1340910 1.3390211 1.1805045 1.1939705 1.2963718 1.3359865 1.2850355 0.8875304 0.9229773 1.1649547 0.6839191 0.9274078 0.8219147 
GCA_000813245.1_ASM81324v1_genomic_prot.fas                               1.2749853 0.9486139 1.1410553 1.2261773 1.0226881 1.0722617 1.1334217 0.9974397 1.0327140 1.3567519 0.9123380 1.1144322 1.1802111 1.0425034 1.3883352 1.0971322 0.0000000 1.3489840 1.1570207 1.1410425 1.0075398 1.5096500 1.4716876 1.1317646 0.9791001 1.3459734 1.2518078 0.9477556 1.2080095 1.1570039 0.9874506 1.4609979 1.3924636 1.4938721 1.1767700 1.0416279 1.2631365 1.1546820 0.9471083 1.2220151 1.1571759 0.9903296 1.1941904 1.0085555 1.0560411 1.6199856 1.2118959 0.8896727 0.8631730 1.0809903 0.8879773 1.2762423 1.2363111 1.2591529 1.1562804 1.2044644 1.3978648 1.6540929 1.3520047 1.0945718 1.3940786 1.6167585 1.2360671 1.2891944 1.1638540 1.3107849 1.3398095 1.3298765 1.4329816 1.2731165 1.7683424 1.3729869 1.4749117 1.9562085 1.1943181 1.4532670 1.3903742 1.3014843 1.3566968 1.0693055 1.2300342 1.4135338 0.9293673 1.2307403 1.3620395 1.4794131 1.3384865 1.2884508 1.3953862 1.4536206 1.3668693 1.2197324 1.0966454 1.1572364 1.1015968 1.2099573 1.1907418 
GCA_000830295.1_ASM83029v1_genomic_prot.fas                               1.4294634 1.4319483 1.5720089 1.3138229 1.1577444 1.2219924 1.2146731 1.4926219 1.1638051 1.4152275 1.5956364 1.5215612 1.2546361 1.5743854 0.8110655 1.2551120 1.3489840 0.0000000 1.2281364 1.2499489 1.1949326 1.4811653 1.4044941 1.1832439 1.3510269 0.6150223 1.3002659 1.4100700 1.1732371 1.2787919 1.3117840 1.5476565 1.4809298 1.5634736 1.2715098 1.4161591 1.5083648 1.4677242 1.2596659 1.5354467 1.4622844 1.3771361 1.6242231 1.0956946 1.2146673 1.5663525 1.2294652 1.3900170 1.2972867 1.4729858 1.2692567 1.2429328 1.3348586 1.3631175 1.6267016 1.2603967 1.5026041 1.4775656 1.4763810 1.1748820 0.8126126 1.1398199 1.2670866 1.7899020 1.2543873 0.6244704 0.7006992 0.6079130 1.1333247 0.6756093 1.6668450 0.7146669 1.0866880 1.7932954 1.2474763 1.3360560 1.4089687 0.6185053 0.6988024 1.3911581 1.3178173 1.4129227 1.0995504 1.5695973 1.3203307 1.0946240 1.2336651 0.6076658 0.7338879 1.0906472 0.6648956 1.3762317 1.2577035 1.4671637 1.2167702 1.2946765 1.2945461 
GCA_000970285.1_ASM97028v1_genomic_prot.fas                               1.0714796 1.2163608 1.3115017 0.6731999 0.6514622 0.8174940 0.5499276 1.2729580 0.8445860 0.7794681 1.3662849 1.2199452 0.8009316 1.3640410 1.2694731 0.5276251 1.1570207 1.2281364 0.0000000 0.4915657 0.8906523 1.6049172 1.2720690 0.9040676 1.1110389 1.2204479 0.8759707 1.1100649 1.0021988 0.5855692 1.0835049 1.3310636 1.2942729 1.3725387 0.7450916 1.1077173 1.2352954 1.1681443 0.9734635 1.2341088 1.1593214 1.0533245 1.3871275 0.8009428 0.5945625 1.4293390 1.0095281 1.1197456 1.0132058 1.2341009 1.0216900 1.0542815 0.9549001 1.0223281 1.3247807 0.8615650 1.0918028 1.5550687 1.0829707 0.8423377 1.2595962 1.4599532 0.9090796 1.5059346 0.5818944 1.1732171 1.2484116 1.1906711 1.2793083 1.1804529 1.6781663 1.2155728 1.3720938 1.8057650 0.8172257 1.3186200 1.2351641 1.2159652 1.2202780 1.0364038 0.8888919 1.2721682 0.8679154 1.3523704 1.1654538 1.4015086 1.1783118 1.1786258 1.2652303 1.3629107 1.2614704 0.8879988 0.9766149 1.1807188 0.6825123 0.9291705 0.8153788 
GCA_001509375.1_ASM150937v1_genomic_prot.fas                              1.0457164 1.2150171 1.3223654 0.6956709 0.6583127 0.8216368 0.5519296 1.2168413 0.8449686 0.7793201 1.3376812 1.2175774 0.8329109 1.3290367 1.2700185 0.5410874 1.1410425 1.2499489 0.4915657 0.0000000 0.8509407 1.6089313 1.2654392 0.8943052 1.1118978 1.2303815 0.9103405 1.0900527 0.9653353 0.5450773 1.0947191 1.3616052 1.3142120 1.3638871 0.7288046 1.0996843 1.2380285 1.1932236 0.9330000 1.2231761 1.1764583 1.0509545 1.3926484 0.7837021 0.5758067 1.4796490 0.9753286 1.0872837 0.9718951 1.1905940 1.0105664 1.0668071 0.9527068 1.0158118 1.3488798 0.8616354 1.0993149 1.5658237 1.0457448 0.7977856 1.2720770 1.5140919 0.9413388 1.4353285 0.5581486 1.1753220 1.2533360 1.2003805 1.2777573 1.1821715 1.6729725 1.2269296 1.3486962 1.7942368 0.8484757 1.2968980 1.2182333 1.2387411 1.2271619 1.0296204 0.8922663 1.2757522 0.8322111 1.3984615 1.1802858 1.3557861 1.1700344 1.1905377 1.2810340 1.3752153 1.2858534 0.9036950 0.9359001 1.1608791 0.6405825 0.9237981 0.8195717 
GCA_001515205.2_ASM151520v2_genomic_prot.fas                              1.1058808 1.0739342 1.1843693 0.9746326 0.8196608 0.8609870 0.8578088 1.0873006 0.8052424 1.0506243 1.2056097 1.1134248 0.9296351 1.1889539 1.1913051 0.8360369 1.0075398 1.1949326 0.8906523 0.8509407 0.0000000 1.5175934 1.2568389 0.8430124 0.9808478 1.1629874 0.9507735 0.9903620 0.9297788 0.8787233 0.9584405 1.3003321 1.2277775 1.3156750 0.9286907 0.9732594 1.1547981 1.0693867 0.8360414 1.1217866 1.0688777 0.9119219 1.2620614 0.7358502 0.8442125 1.4343699 0.9767904 0.9637790 0.8441748 1.0567613 0.8726484 1.0052831 1.0057062 1.0613312 1.2368962 0.9413321 1.1839664 1.4972078 1.1427998 0.7860749 1.2148927 1.4719707 0.9998845 1.3173808 0.8529268 1.1175262 1.1752335 1.1132199 1.2194806 1.1442559 1.6224184 1.1276827 1.2577523 1.7458307 0.9358023 1.1903292 1.1711648 1.1585561 1.1851417 0.9271523 0.9754094 1.2127116 0.7284111 1.2330909 1.0889511 1.2777783 1.1084120 1.1790137 1.2080444 1.2816132 1.2132679 0.9697940 0.8544956 1.1177405 0.9094916 0.9697868 0.9387763 
GCA_001552015.1_ASM155201v1_genomic_prot.fas                              1.7231525 1.4894444 1.6114820 1.6748031 1.4063606 1.4935750 1.5569837 1.5682592 1.4253518 1.7784609 1.6262564 1.6442601 1.5974845 1.5830405 1.4921703 1.5943873 1.5096500 1.4811653 1.6049172 1.6089313 1.5175934 0.0000000 1.6630026 1.5518335 1.5897054 1.4448245 1.6574505 1.6696833 1.5479916 1.6120080 1.6505735 1.6972407 1.7578835 1.7611934 1.5824355 1.6158865 1.7942462 1.7190952 1.5191083 1.7925034 1.6381694 1.6393086 1.7436831 1.4489887 1.5138997 1.8710499 1.5741996 1.5514523 1.5044878 1.6056877 1.5220744 1.6159601 1.6754696 1.5824244 1.7631740 1.6268591 1.9158614 1.6547107 1.8733440 1.5035341 1.4623757 1.6799642 1.6472672 1.9297949 1.6355795 1.4713532 1.4653400 1.4103417 1.5358424 1.4672923 1.9520575 1.4027262 1.5788824 1.9683578 1.6155538 1.6787827 1.6267809 1.4591090 1.4924855 1.6721539 1.7192000 1.6709253 1.3031049 1.7928988 1.6703196 1.4790468 1.5909067 1.3917762 1.5604811 1.5335673 1.4947650 1.7251986 1.5083999 1.9286017 1.5246154 1.5916777 1.6664940 
GCA_001563875.1_ASM156387v1_genomic_prot.fas                              1.4832196 1.5492661 1.5423309 1.3514702 1.2149054 1.2913111 1.2507598 1.5989020 1.2154289 1.2292524 1.6773950 1.5463940 1.3107905 1.6152529 1.4115556 1.2698637 1.4716876 1.4044941 1.2720690 1.2654392 1.2568389 1.6630026 0.0000000 1.2464859 1.5130279 1.3816757 1.3770042 1.4744678 1.2762683 1.2813104 1.4683577 1.6398662 1.4882126 1.6307174 1.1601594 1.4922075 1.5613397 1.5521166 1.3644175 1.5837495 1.4933753 1.4519103 1.6681445 1.1984241 1.2455409 1.4939160 1.2872017 1.4903414 1.3796349 1.5213461 1.3725116 1.2337063 1.3978585 1.4027301 1.6787018 1.3547535 1.5155411 1.6688924 1.5223163 1.2070029 1.4070450 1.6189337 1.3126746 1.7762228 1.2711625 1.3187581 1.4109884 1.3450728 1.4288040 1.3939747 1.7977530 1.3715989 1.4441196 1.9014809 1.3528655 1.3517328 1.4584223 1.3742728 1.3672281 1.4215726 1.3672644 1.5326323 1.1799856 1.7249550 1.3557268 1.4865396 1.2246983 1.3694865 1.4492526 1.5028351 1.4287633 1.3581888 1.2367916 1.5503147 1.2786592 1.3497774 1.3315838 
GCA_001587575.1_ASM158757v1_genomic_prot.fas                              1.1372600 1.2030330 1.2847153 0.9850019 0.8632043 0.9034639 0.8898359 1.2216337 0.8423569 1.0978671 1.3657754 1.2304314 0.9395191 1.2932720 1.1741206 0.9144129 1.1317646 1.1832439 0.9040676 0.8943052 0.8430124 1.5518335 1.2464859 0.0000000 1.1093307 1.1674182 0.9745619 1.0864380 0.9163318 0.9195335 1.0545331 1.2875663 1.2699423 1.3196048 0.9623712 1.1182871 1.2054317 1.1303558 0.9356035 1.1762094 1.0912328 1.0465827 1.3384200 0.7801402 0.8814084 1.3971666 0.9461539 1.1086105 0.9613489 1.1777289 0.9908401 1.0554226 1.0465713 1.1057104 1.3767635 0.9489914 1.2160322 1.4886388 1.1782199 0.8127428 1.2133216 1.4839697 1.0542012 1.4885486 0.8964112 1.1364256 1.2086891 1.1083913 1.2357292 1.1655405 1.6468264 1.1652712 1.2558039 1.7630114 0.9516747 1.2582788 1.1437177 1.1596850 1.1638460 1.0330380 0.9982383 1.1812962 0.7396860 1.3725767 1.1095184 1.2818720 1.1446889 1.1712678 1.2358532 1.3379918 1.2302753 1.0167246 0.9751442 1.1744773 0.9214848 1.0156752 0.9286793 
GCA_001593865.1_ASM159386v1_genomic_prot.fas                              1.2867368 1.0585451 1.2013313 1.1810569 1.0121042 1.0791139 1.1227912 1.0723973 1.0362675 1.3233731 1.1793330 0.9466679 1.1392629 1.1482165 1.3957948 1.0650431 0.9791001 1.3510269 1.1110389 1.1118978 0.9808478 1.5897054 1.5130279 1.1093307 0.0000000 1.3680103 1.1968992 1.0077207 1.1584961 1.1556239 0.7522554 1.5464746 1.4754481 1.5747692 1.1760229 0.8480853 1.1878241 1.1152514 0.9098789 1.2281597 1.1470985 0.7559783 1.1380532 0.9849163 0.9783393 1.7558935 1.1990927 0.9193289 0.6320706 0.9223326 0.6769439 1.2571608 1.2365515 1.2599320 1.0778687 1.1414638 1.4619207 1.7097135 1.3748933 1.0462336 1.3310338 1.6775151 1.2390567 1.3243299 1.1019364 1.3657369 1.4005887 1.3346455 1.4150842 1.3086619 1.8008031 1.3456595 1.4699343 1.8645687 1.1483682 1.4273672 1.4102232 1.2978110 1.3562597 1.0100971 1.1618817 1.4547589 0.9258915 1.1286771 1.3491892 1.4929375 1.3433730 1.3224345 1.4383474 1.5238158 1.3849765 1.2105236 1.0941331 0.9201416 1.0704582 1.2094398 1.1420968 
GCA_001595785.1_ASM159578v1_genomic_prot.fas                              1.4177905 1.4326850 1.5776831 1.3105722 1.1634187 1.1948891 1.2236236 1.4789572 1.1401694 1.4358286 1.6056475 1.4858117 1.2545978 1.5395916 0.7572779 1.2253224 1.3459734 0.6150223 1.2204479 1.2303815 1.1629874 1.4448245 1.3816757 1.1674182 1.3680103 0.0000000 1.2746958 1.3994562 1.1623202 1.2620084 1.3364232 1.5021759 1.4625265 1.5813641 1.2446422 1.3983749 1.4863545 1.4331099 1.2512957 1.5021477 1.4414984 1.3460589 1.5952992 1.0989775 1.2008574 1.5459533 1.2111848 1.3766904 1.2707616 1.4740497 1.2599460 1.2231515 1.3096625 1.3904846 1.6223528 1.2581651 1.5276117 1.4659661 1.5390393 1.1572456 0.7851409 1.1696575 1.3011024 1.7693705 1.2380468 0.6155081 0.6956390 0.5900244 1.1359785 0.6653724 1.6390362 0.6840882 1.0931494 1.8056938 1.2365084 1.3249625 1.3691687 0.6120376 0.6713435 1.3733574 1.2964884 1.3815499 1.0819857 1.5832103 1.2846666 1.0744321 1.2094867 0.6276139 0.7092127 1.0608165 0.6523329 1.3648128 1.2403693 1.4701127 1.2371909 1.3042610 1.2957193 
GCA_001595945.1_ASM159594v1_genomic_prot.fas                              1.0285276 1.2828800 1.3786265 0.9899583 0.9028314 0.7363646 0.8986161 1.3125139 0.9046359 1.1100598 1.4450614 1.2995533 0.7087282 1.3577224 1.3346218 0.9031338 1.2518078 1.3002659 0.8759707 0.9103405 0.9507735 1.6574505 1.3770042 0.9745619 1.1968992 1.2746958 0.0000000 1.1785727 1.0098203 0.8792026 1.1588041 1.4522924 1.3525862 1.4649382 0.9358329 1.1743190 1.3180969 1.2486797 1.0253504 1.2424996 1.2424241 1.1341447 1.4305096 0.8558405 0.8839466 1.5279237 1.0506661 1.1840068 1.0726577 1.2687940 1.0726714 1.1354188 0.9092604 0.9619908 1.4427342 0.7345215 1.0643754 1.6110628 1.0119774 0.9121034 1.3109135 1.5788707 0.8299772 1.5241558 0.9143424 1.2254889 1.3048145 1.2468953 1.3354869 1.2805418 1.7369394 1.2479846 1.3971309 1.8120303 0.6634029 1.3645736 1.2424008 1.2521327 1.2939894 1.0718392 0.7107788 1.3471561 0.9144805 1.4276990 1.2370081 1.4143677 1.2511053 1.2063600 1.3273373 1.4209727 1.3363763 0.7316741 1.0277916 1.2547974 0.9535167 0.7173880 0.6853835 
GCA_001717035.1_ASM171703v1_genomic_prot.fas                              1.2761973 1.0234158 1.2231916 1.1782042 1.0603293 1.0848527 1.0848812 1.0922310 1.0723999 1.2977408 1.1822720 1.1259292 1.0946424 1.1222764 1.4456154 1.1155815 0.9477556 1.4100700 1.1100649 1.0900527 0.9903620 1.6696833 1.4744678 1.0864380 1.0077207 1.3994562 1.1785727 0.0000000 1.1484258 1.1250626 0.8889059 1.4716434 1.3982424 1.4667933 1.1754868 0.9957090 1.2335132 1.1311578 0.9154511 1.1769056 1.0981168 0.9375873 1.2955776 0.9865998 1.0640120 1.6894143 1.1645374 0.9194994 0.9073796 1.1293951 0.8972760 1.2548769 1.1912946 1.2506371 1.2308845 1.1519764 1.3981074 1.6776078 1.2867827 1.0330717 1.4391100 1.5914849 1.2138481 1.2777987 1.1124221 1.3348478 1.4044687 1.3500911 1.4284282 1.3455961 1.8165381 1.3363230 1.4818968 1.9836480 1.1625753 1.4390824 1.3867051 1.3894198 1.3641195 0.9879715 1.1633773 1.4136832 0.9728201 1.2429488 1.2960027 1.4475365 1.2966170 1.3477165 1.4630203 1.5060582 1.4301544 1.1635956 1.1168844 1.0780646 1.1261427 1.1362075 1.0785655 
GCA_001723855.1_ASM172385v1_genomic_prot.fas                              1.1540328 1.2319156 1.3777578 1.0483691 0.9052309 0.9314069 0.9699942 1.2713371 0.8836272 1.1487358 1.3641398 1.2428806 0.9999011 1.3019795 1.1945542 0.9625194 1.2080095 1.1732371 1.0021988 0.9653353 0.9297788 1.5479916 1.2762683 0.9163318 1.1584961 1.1623202 1.0098203 1.1484258 0.0000000 0.9708983 1.1719296 1.2363668 1.2042990 1.2927099 0.9837637 1.1177802 1.2743213 1.2376614 1.0142081 1.1920082 1.1867702 1.1026633 1.3653266 0.8296731 0.9554834 1.3533181 0.5691346 1.0657665 1.0564348 1.2835862 1.0677331 1.0477594 1.0572867 1.0030331 1.3987210 1.0029974 1.2032890 1.4233001 1.1817005 0.9034687 1.2530542 1.4594025 1.0504293 1.5123941 0.9740812 1.1127299 1.1528549 1.0929685 1.2418014 1.1480786 1.5473490 1.1738382 1.2523161 1.6452233 0.9962454 1.2116562 0.7839635 1.1351002 1.1858951 1.1067883 1.0182541 0.8013680 0.8593222 1.4789075 1.1469952 1.3073582 1.1158641 1.1208157 1.2172908 1.3201157 1.1821195 1.0719113 1.0390693 1.2845780 0.9696302 0.9960262 0.9854552 
GCA_001766815.1_ASM176681v1_genomic_prot.fas                              1.0118596 1.2485776 1.3376592 0.7260797 0.6579002 0.7975241 0.6110381 1.2611410 0.8528424 0.8175429 1.3504402 1.2261314 0.8188141 1.3206977 1.2967915 0.6000638 1.1570039 1.2787919 0.5855692 0.5450773 0.8787233 1.6120080 1.2813104 0.9195335 1.1556239 1.2620084 0.8792026 1.1250626 0.9708983 0.0000000 1.1230042 1.3399986 1.3132962 1.3608471 0.7560836 1.1256348 1.2526711 1.2139949 0.9671894 1.1864921 1.1595258 1.0543400 1.3633648 0.8191576 0.5889004 1.4452206 1.0079265 1.1125232 1.0051761 1.2010115 1.0164238 1.0791511 0.9573302 1.0360126 1.3687775 0.8512366 1.0583801 1.5764927 1.0375700 0.8455000 1.3276157 1.5233206 0.9346721 1.4759252 0.6116070 1.2013987 1.2813541 1.2254613 1.2724171 1.2344618 1.6803855 1.2396804 1.3748619 1.7810815 0.8281735 1.2786946 1.2159633 1.2353659 1.2540524 1.0647455 0.8884010 1.2580683 0.8559270 1.4192709 1.1723497 1.3435035 1.1960924 1.2238676 1.3320755 1.3548651 1.3006534 0.8925844 0.9635945 1.2434325 0.6507232 0.9316984 0.8234942 
GCA_001775995.1_ASM177599v1_genomic_prot.fas                              1.2486394 1.0372646 1.1570817 1.1361921 1.0220953 1.0530175 1.0781126 1.0759926 1.0285443 1.2861634 1.1767618 0.9585130 1.0836216 1.1157487 1.3706522 1.0763570 0.9874506 1.3117840 1.0835049 1.0947191 0.9584405 1.6505735 1.4683577 1.0545331 0.7522554 1.3364232 1.1588041 0.8889059 1.1719296 1.1230042 0.0000000 1.4717445 1.4424201 1.4918341 1.1296366 0.7480101 1.1497839 1.0960595 0.8375649 1.1379445 1.0646892 0.6746609 1.0939801 0.9537607 1.0171123 1.5901504 1.1962733 0.8981473 0.6902523 0.9162753 0.6390092 1.2510432 1.1743123 1.1765471 1.0617452 1.1173319 1.3837983 1.6325370 1.2844412 1.0048235 1.4102813 1.5500832 1.1963987 1.3186188 1.1001285 1.3014382 1.3350742 1.2756040 1.3963723 1.2558498 1.7872613 1.3352472 1.4823777 1.9464430 1.1169869 1.3720902 1.3663934 1.2551270 1.3166215 0.9501921 1.1351698 1.4153860 0.9580873 1.0702320 1.3069992 1.4153720 1.2806589 1.2359313 1.3551963 1.4646237 1.3370636 1.1639641 1.1336820 0.8321573 1.0831548 1.1498203 1.0992709 
GCA_001871535.1_ASM187153v1_genomic_prot.fas                              1.4522099 1.5068811 1.6130575 1.4044526 1.2586347 1.3055505 1.3504964 1.5346160 1.2489471 1.4891584 1.6363785 1.5121057 1.3874349 1.5679405 1.6097383 1.3312430 1.4609979 1.5476565 1.3310636 1.3616052 1.3003321 1.6972407 1.6398662 1.2875663 1.5464746 1.5021759 1.4522924 1.4716434 1.2363668 1.3399986 1.4717445 0.0000000 1.1693304 1.1393377 1.3706063 1.4659238 1.5367380 1.5333121 1.3858043 1.6028734 1.4872863 1.4632764 1.7109846 1.2674877 1.3294203 1.6729960 1.3291921 1.4531928 1.3683424 1.5810037 1.3587166 1.4030124 1.4399670 1.3855765 1.6710045 1.3670915 1.6486842 1.7983358 1.5388488 1.2705780 1.5849602 1.8366189 1.4041351 1.8581196 1.3660219 1.4896452 1.5254342 1.5044928 1.4832264 1.5327900 1.7328414 1.4796581 1.5727863 1.9468288 1.4185331 1.4871887 1.4797822 1.5419036 1.4965538 1.4421112 1.4038235 1.5104090 1.2139986 1.6687298 1.3131298 1.5715408 1.4109554 1.4821894 1.6614650 1.5506056 1.5643195 1.5233229 1.4318300 1.7091130 1.3383165 1.3751994 1.4133658 
GCA_001871595.1_ASM187159v1_genomic_prot.fas                              1.4373505 1.4664411 1.5455942 1.3755663 1.2241955 1.2719059 1.2895870 1.5356373 1.2318384 1.4425122 1.5615669 1.4514343 1.2915439 1.5819219 1.5278905 1.2566143 1.3924636 1.4809298 1.2942729 1.3142120 1.2277775 1.7578835 1.4882126 1.2699423 1.4754481 1.4625265 1.3525862 1.3982424 1.2042990 1.3132962 1.4424201 1.1693304 0.0000000 1.2100779 1.3226293 1.4250939 1.5189137 1.4859159 1.3545477 1.5353310 1.4309100 1.3678947 1.6339281 1.2104891 1.2629166 1.6371406 1.2520771 1.3715978 1.3952988 1.4746560 1.3875258 1.3203568 1.3636714 1.3443947 1.5937004 1.3873455 1.5315120 1.6534034 1.4247900 1.2744367 1.5555541 1.6897108 1.3341724 1.7357997 1.2982556 1.4122272 1.4717719 1.4314201 1.4914531 1.4655415 1.6963041 1.4208157 1.5572745 1.9798438 1.3547673 1.4770204 1.4209801 1.4974212 1.4427831 1.3847911 1.3590025 1.4714917 1.1875916 1.6227944 1.1422105 1.5113111 1.3620096 1.3990444 1.5830115 1.5518157 1.5351870 1.3693620 1.3390239 1.5037307 1.3386242 1.2979038 1.3354473 
GCA_001896515.1_ASM189651v1_genomic_prot.fas                              1.3920919 1.5131386 1.6187824 1.4422925 1.2706926 1.3010801 1.3320722 1.5791687 1.2854598 1.4889125 1.6791649 1.5333504 1.3669497 1.6100505 1.5834020 1.3257581 1.4938721 1.5634736 1.3725387 1.3638871 1.3156750 1.7611934 1.6307174 1.3196048 1.5747692 1.5813641 1.4649382 1.4667933 1.2927099 1.3608471 1.4918341 1.1393377 1.2100779 0.0000000 1.3757406 1.4414364 1.6408405 1.6552111 1.3719429 1.6456552 1.5750942 1.4333860 1.7270224 1.2674381 1.3170258 1.5895561 1.3196726 1.4950634 1.4634646 1.6110118 1.4247656 1.4379366 1.4332719 1.4696704 1.6425387 1.4609275 1.6682234 1.6878236 1.5324939 1.3401637 1.6324751 1.7196537 1.3826138 1.7513880 1.3499176 1.5151507 1.6068689 1.5438567 1.5997185 1.5822789 1.8318745 1.5308911 1.6719952 2.0236971 1.4368383 1.5311336 1.4482664 1.5745600 1.5555146 1.4660701 1.4469454 1.5461044 1.2151002 1.7083143 1.3051211 1.5754826 1.4540884 1.4849911 1.6710942 1.5764294 1.6135066 1.4565235 1.3757236 1.6028761 1.3771355 1.3952888 1.4082071 
GCA_001914405.1_ASM191440v1_genomic_prot.fas                              1.0576588 1.2283159 1.3777487 0.8549774 0.7633118 0.8678829 0.7610362 1.2852236 0.8827427 0.8107691 1.4007006 1.2648260 0.8893231 1.3444783 1.3108919 0.7584229 1.1767700 1.2715098 0.7450916 0.7288046 0.9286907 1.5824355 1.1601594 0.9623712 1.1760229 1.2446422 0.9358329 1.1754868 0.9837637 0.7560836 1.1296366 1.3706063 1.3226293 1.3757406 0.0000000 1.1525840 1.2686129 1.2570741 0.9987911 1.2618676 1.1784234 1.1091003 1.3695495 0.8502711 0.7337449 1.4889425 0.9976284 1.1487516 1.0395886 1.2424646 1.0502423 1.0918436 1.0074080 1.0934911 1.3564342 0.9368444 1.1425236 1.5653064 1.1190078 0.8474887 1.2899556 1.4808082 0.9686879 1.4777016 0.7478018 1.2202756 1.2900222 1.2202188 1.3175749 1.2711956 1.7217335 1.2490210 1.3491679 1.8458253 0.8837868 1.2972341 1.2238053 1.2537709 1.2526180 1.0941449 0.9525900 1.2779136 0.9063444 1.3734009 1.2004538 1.3545394 1.2067005 1.2301554 1.3826103 1.4171795 1.3292505 0.9414073 0.9547192 1.2092762 0.7535524 0.9594735 0.9121464 
GCA_001918745.1_ASM191874v1_genomic_prot.fas                              1.2756205 1.1068484 1.2931972 1.1733472 1.0396913 1.0930337 1.0706617 1.1242449 1.0572163 1.2857695 1.2051173 1.0722677 1.1077580 1.1657045 1.4353991 1.1022794 1.0416279 1.4161591 1.1077173 1.0996843 0.9732594 1.6158865 1.4922075 1.1182871 0.8480853 1.3983749 1.1743190 0.9957090 1.1177802 1.1256348 0.7480101 1.4659238 1.4250939 1.4414364 1.1525840 0.0000000 1.1804550 1.2088938 0.9264992 1.2216384 1.1574549 0.7703239 1.2221795 0.9652143 1.0161935 1.6420676 1.2200930 1.0127297 0.8343093 1.0273088 0.7174099 1.2559718 1.2137455 1.2855760 1.1192474 1.1852134 1.4864272 1.6656097 1.3236567 1.0374657 1.3991078 1.6169891 1.2292919 1.3520960 1.1083148 1.3323134 1.4274424 1.3596911 1.4017991 1.3675114 1.8064798 1.3576222 1.5328431 1.9995828 1.1782484 1.3884489 1.3483950 1.3454102 1.4048086 0.9859611 1.1326269 1.4814423 0.9521303 1.1116354 1.3039203 1.4938777 1.3048323 1.3757211 1.5003230 1.5210621 1.4564632 1.1455049 1.1184296 0.9573283 1.1388961 1.1924037 1.1325975 
GCA_001940645.1_ASM194064v1_genomic_prot.fas                              1.4131537 1.2726558 1.4319466 1.3184533 1.1702275 1.2349356 1.2324101 1.3607169 1.1906747 1.4137924 1.4340367 1.3304934 1.2634995 1.3687918 1.6087435 1.2331683 1.2631365 1.5083648 1.2352954 1.2380285 1.1547981 1.7942462 1.5613397 1.2054317 1.1878241 1.4863545 1.3180969 1.2335132 1.2743213 1.2526711 1.1497839 1.5367380 1.5189137 1.6408405 1.2686129 1.1804550 0.0000000 1.2101031 1.0668196 1.1895155 1.1305027 1.1420021 1.4382089 1.1532286 1.2115515 1.6860448 1.2849454 1.1824140 1.1182564 1.2837671 1.1164300 1.3283430 1.3776743 1.3173550 1.4220900 1.3096084 1.4781874 1.8075908 1.4767205 1.1748732 1.5457809 1.6992355 1.3141477 1.6034814 1.2507433 1.4404875 1.4825590 1.4230581 1.5672937 1.4530736 1.8498404 1.4751570 1.6229729 2.0302758 1.2937939 1.5171095 1.4963665 1.4282670 1.4745450 1.1064422 1.3120018 1.5259351 1.1103023 1.4181998 1.3968692 1.6162436 1.4398823 1.4741735 1.5707361 1.6152901 1.5545415 1.3054032 1.3014404 1.2830206 1.2162563 1.2473311 1.2576639 
GCA_001940655.1_ASM194065v1_genomic_prot.fas                              1.4136108 1.2365004 1.3898016 1.2794274 1.1736585 1.1760258 1.1912808 1.2648623 1.1145539 1.3670038 1.4178954 1.2553036 1.2456311 1.3164500 1.5210122 1.1589360 1.1546820 1.4677242 1.1681443 1.1932236 1.0693867 1.7190952 1.5521166 1.1303558 1.1152514 1.4331099 1.2486797 1.1311578 1.2376614 1.2139949 1.0960595 1.5333121 1.4859159 1.6552111 1.2570741 1.2088938 1.2101031 0.0000000 0.8971453 1.2763117 1.1796365 1.0927227 1.3586247 1.1104406 1.1456683 1.8152208 1.3086749 1.1398467 0.9752782 1.2088815 0.9996516 1.4040570 1.3477800 1.3518506 1.3683591 1.2068065 1.4704018 1.8671750 1.5029599 1.1280894 1.4720648 1.7108631 1.2844895 1.4602790 1.2131720 1.4450061 1.4912361 1.4058385 1.4760221 1.4539670 1.8399949 1.4368454 1.5581899 1.8731428 1.2256771 1.5459087 1.4449578 1.4202018 1.3797018 0.9745699 1.2663054 1.4862227 1.0874803 1.3232473 1.4485126 1.5407196 1.4249232 1.3752211 1.5484232 1.5645389 1.5181863 1.2855665 1.2531165 1.2611744 1.2197214 1.2923648 1.2434844 
