97
GCA_000011185.1_ASM1118v1_genomic_prot.fas                                0.0000000 1.3367510 1.4815507 1.1564231 0.9710654 0.7478098 1.0826958 1.4142994 1.0802727 1.2926763 1.5232531 1.4244788 0.8972529 1.4026826 1.5910923 1.0700445 1.2952734 1.5119533 1.1559850 1.1139680 1.1584520 1.7715414 1.6327933 1.2013912 1.3460741 1.5300275 1.1050222 1.3877430 1.1972660 1.0710920 1.3374448 1.5188967 1.5677530 1.4926170 1.1233842 1.3577003 1.5090277 1.5266467 1.2429547 1.4809016 1.4422983 1.3281834 1.4917526 1.0679864 1.0238707 1.6829139 1.2688819 1.2853845 1.2215255 1.3914441 1.2527771 1.3924722 1.0598198 1.1050555 1.5019006 0.9477041 1.2461303 1.7154311 1.0550619 1.1724462 1.5264628 1.7977099 1.0576969 1.6275980 1.1211623 1.4359159 1.5567120 1.4958667 1.5375591 1.5506568 1.9387326 1.5087921 1.6888406 2.1186195 1.0136223 1.5407035 1.4191282 1.5048736 1.5572468 1.3248402 1.0593709 1.4785113 1.0503917 1.6234490 1.4262033 1.5922844 1.4335477 1.4656625 1.6221575 1.5583235 1.5386249 0.9604411 1.2311708 1.5113810 1.0814213 1.0457733 0.9343094 
GCA_000011205.1_ASM1120v1_genomic_prot.fas                                1.3367510 0.0000000 1.2188139 1.3304766 1.0546271 1.1182612 1.2408807 0.7951758 1.0885278 1.4718996 1.1196486 1.1810304 1.2412122 1.0723647 1.5486794 1.2160627 0.9613392 1.5183082 1.2664565 1.2775653 1.1003247 1.4604590 1.6419862 1.2447836 1.0727836 1.5036202 1.3367867 1.0782895 1.2715759 1.2901291 1.1015066 1.5927443 1.5482665 1.5796099 1.2751532 1.1544949 1.3057975 1.2828078 1.0295885 1.3482652 1.2602466 1.0859145 1.2521664 1.0832846 1.1563946 1.7333543 1.3098262 0.7334915 0.9598374 1.1560937 1.0027554 1.4052059 1.2954149 1.3578089 1.2219220 1.3489920 1.5606042 1.7070342 1.4466434 1.1810100 1.5362093 1.8205355 1.3586049 1.2650474 1.2777477 1.5097926 1.5077779 1.4804437 1.5446254 1.4941467 1.7875016 1.4784249 1.5944103 2.0394575 1.3138383 1.5529541 1.4380562 1.5077824 1.5205924 1.1813335 1.3382330 1.5026207 1.0124234 1.3850815 1.4148487 1.5681103 1.5292156 1.4651498 1.6268604 1.6014448 1.5639052 1.3285644 1.1739787 1.3346713 1.2289154 1.2866579 1.2466461 
GCA_000019605.1_ASM1960v1_genomic_prot.fas                                1.4815507 1.2188139 0.0000000 1.4728398 1.1805080 1.2458891 1.3557910 1.2363630 1.2297080 1.4929750 1.3408760 1.2957488 1.3806355 1.3207789 1.6415463 1.2940163 1.1410905 1.6373505 1.3665472 1.3908014 1.1852358 1.6464075 1.6308328 1.3609342 1.2109391 1.6301367 1.4608274 1.2812669 1.4149603 1.3665992 1.2044400 1.7571829 1.6457635 1.7390506 1.4437475 1.3591916 1.5021472 1.4915112 1.1720611 1.5437223 1.4083679 1.2053923 1.3612005 1.1870313 1.2550670 1.8279572 1.4238595 1.1508634 1.0955785 1.3067930 1.1059047 1.6136038 1.4340877 1.4865938 1.3538324 1.4486486 1.6772921 1.8659156 1.5469468 1.3211275 1.6220701 1.9605795 1.4965872 1.5092027 1.3644481 1.5787746 1.7095007 1.6354029 1.6681998 1.5771411 2.0152921 1.6313729 1.7672850 2.1319474 1.4990271 1.6893663 1.6042961 1.6400126 1.6651288 1.2971503 1.4502883 1.7187391 1.0715738 1.6112703 1.5669273 1.7080282 1.5648132 1.7024061 1.6787249 1.7260772 1.6767580 1.4343507 1.1776944 1.4419684 1.3098105 1.4092058 1.4142484 
GCA_000021965.1_ASM2196v1_genomic_prot.fas                                1.1564231 1.3304766 1.4728398 0.0000000 0.7933037 0.9595657 0.7086986 1.3852491 0.9647307 0.9040123 1.5185277 1.3270779 0.9293197 1.4687108 1.5137522 0.7586459 1.2833201 1.3961649 0.7226148 0.7496178 1.0410787 1.8183102 1.4636585 1.0630384 1.2324807 1.4100324 1.0682296 1.2694954 1.1052103 0.7760195 1.2043546 1.5448492 1.4936416 1.5923857 0.9215145 1.2814019 1.4486809 1.3815018 1.1128375 1.3650592 1.3069339 1.2277038 1.5149158 0.9443870 0.7479094 1.6698673 1.1721023 1.2561721 1.1280924 1.3670107 1.1478005 1.2138410 1.0928731 1.1772375 1.5040093 1.0179447 1.1969514 1.7165605 1.1496293 1.0058345 1.4925082 1.6914298 1.0366759 1.6096785 0.7499312 1.3728948 1.4593724 1.4106721 1.4540714 1.3857390 1.9106118 1.4093255 1.5592688 2.1018038 1.0389650 1.4899348 1.3955320 1.4230415 1.4235368 1.2151687 1.0469165 1.4616494 0.9715953 1.5815130 1.3637880 1.5112431 1.3666567 1.3460047 1.4710079 1.5570203 1.4905464 0.9917911 1.0908226 1.3977623 0.8524938 1.1358439 0.9375890 
GCA_000025505.1_ASM2550v1_genomic_prot.fas                                0.9710654 1.0546271 1.1805080 0.7933037 0.0000000 0.7497752 0.7270646 1.0791250 0.7726207 0.9085313 1.1773061 1.1070390 0.8450412 1.1410852 1.2393190 0.6692626 1.0144094 1.2003104 0.6958393 0.6989688 0.8331619 1.4075758 1.2862837 0.9125185 1.0146121 1.2109743 0.9497647 1.1077935 0.9346863 0.6964952 1.0504748 1.3166036 1.2825765 1.3315332 0.8049030 1.0886711 1.2114967 1.2518546 0.9309275 1.1976024 1.1460144 0.9864968 1.1951073 0.7594413 0.5660438 1.4422720 1.0118777 0.9938554 0.8816863 1.0705744 0.9278004 1.0533385 0.9499087 1.0420573 1.2026324 0.9018192 1.1434171 1.5298256 1.0203833 0.8522445 1.2451009 1.5150008 0.9597049 1.3416094 0.7130818 1.1922510 1.2350818 1.2073570 1.2695967 1.1843888 1.6054112 1.2112970 1.3099212 1.8392287 0.8709736 1.2676563 1.2121609 1.2002797 1.2487835 1.0271413 0.8892985 1.2708988 0.7219620 1.3463141 1.1594564 1.2860900 1.1694435 1.2049346 1.2597164 1.3293177 1.2440695 0.9078954 0.8709213 1.1828426 0.7048319 0.9327179 0.8560542 
GCA_000025665.1_ASM2566v1_genomic_prot.fas                                0.7478098 1.1182612 1.2458891 0.9595657 0.7497752 0.0000000 0.8713001 1.1758021 0.8073812 1.0560827 1.2660472 1.2219792 0.6610691 1.2175517 1.2902642 0.8360513 1.0795535 1.2737889 0.8587616 0.8777684 0.8954879 1.5012794 1.3642884 0.9448965 1.0967294 1.2542313 0.7819642 1.1395405 0.9580216 0.8399747 1.1040145 1.3801319 1.3498818 1.3620298 0.9081047 1.1364871 1.2893115 1.2684666 0.9722450 1.2407610 1.1928976 1.0814426 1.2843875 0.8229187 0.7724942 1.4855772 1.0133732 1.0554462 0.9751070 1.1633739 0.9783921 1.1383192 0.8562453 0.8940581 1.2918661 0.6990827 0.9869338 1.5544327 0.8872215 0.8915481 1.2560180 1.5592755 0.8321868 1.4229271 0.8611674 1.2055553 1.2838925 1.2446138 1.2798586 1.2495173 1.6680027 1.2428767 1.3441658 1.8367481 0.6958183 1.3270693 1.1905838 1.2398365 1.3127758 1.0778548 0.7746665 1.2553919 0.7857157 1.3855521 1.2372080 1.3146536 1.2223065 1.1935045 1.3602394 1.3607391 1.2943159 0.7274471 0.9439515 1.2461695 0.8752991 0.8334068 0.6807474 
GCA_000063445.1_ASM6344v1_genomic_prot.fas                                1.0826958 1.2408807 1.3557910 0.7086986 0.7270646 0.8713001 0.0000000 1.2926924 0.8926632 0.8121796 1.3878758 1.2834652 0.8432839 1.3601252 1.3625647 0.6611769 1.1772852 1.3014532 0.6003177 0.6087700 0.9230450 1.6618505 1.3498463 0.9560759 1.1986950 1.2948502 0.9628891 1.1672701 1.0178727 0.6624127 1.1471506 1.4545442 1.3956441 1.4584058 0.8250715 1.1659018 1.3362428 1.3035132 0.9991577 1.2490963 1.1862600 1.1382682 1.3924562 0.8551917 0.6435909 1.4916988 1.0815427 1.1015893 1.0348230 1.2748240 1.0640474 1.1483396 1.0127145 1.0939576 1.4131331 0.9160505 1.1626566 1.6862354 1.0863366 0.9263105 1.3559831 1.6240891 0.9956257 1.5449828 0.6202188 1.2735915 1.3467636 1.3049633 1.3473361 1.2967378 1.7791168 1.2871597 1.4768541 2.0018270 0.9131153 1.3837698 1.2941137 1.3019357 1.2918075 1.1061918 0.9320393 1.3698989 0.8849240 1.4697442 1.2495355 1.4315827 1.2177105 1.2415348 1.3414752 1.4806375 1.3496165 0.9267169 1.0038757 1.2702573 0.7312690 1.0168573 0.8692451 
GCA_000145985.1_ASM14598v1_genomic_prot.fas                               1.4142994 0.7951758 1.2363630 1.3852491 1.0791250 1.1758021 1.2926924 0.0000000 1.1189406 1.4772703 1.0955059 1.2241735 1.3118578 1.1390803 1.6209463 1.2318560 1.0129326 1.5767045 1.3324733 1.2705170 1.1044696 1.5658242 1.6668679 1.2761926 1.0776016 1.5330902 1.3666619 1.1515317 1.3053746 1.3098878 1.1310948 1.6154983 1.6006882 1.6543943 1.3164580 1.1779471 1.4009650 1.3486720 1.0951083 1.3869594 1.2861898 1.1089105 1.2706975 1.1108314 1.1348917 1.8377162 1.3708889 0.7266341 0.9763339 1.2094338 1.0294221 1.4721584 1.3608148 1.4247770 1.2202632 1.3920977 1.6070551 1.8158918 1.4656127 1.2076472 1.5757264 1.8700030 1.3912275 1.3177162 1.2902550 1.5463799 1.5673879 1.5568170 1.5693306 1.5045589 1.9987060 1.5594366 1.6381275 2.1621454 1.3955070 1.6400086 1.5054653 1.5617876 1.5704795 1.2159064 1.3800348 1.5540450 1.0130824 1.3996204 1.4999615 1.6435167 1.5391793 1.6241867 1.6941236 1.6305615 1.5981407 1.3855815 1.1599314 1.3789798 1.2469032 1.3621146 1.3636937 
GCA_000214415.1_ASM21441v1_genomic_prot.fas                               1.0802727 1.0885278 1.2297080 0.9647307 0.7726207 0.8073812 0.8926632 1.1189406 0.0000000 1.0831974 1.2157698 1.1624646 0.9523997 1.1602808 1.2570788 0.8856381 1.0233631 1.2032093 0.8874150 0.8920436 0.8404611 1.4175070 1.2781623 0.8925659 1.0426890 1.1876274 0.9480974 1.1298322 0.9153975 0.8816917 1.0810589 1.3328925 1.2785864 1.3536003 0.9296122 1.1135735 1.2396586 1.1745819 0.9359343 1.1713070 1.1388237 1.0444768 1.2759220 0.7478217 0.8113117 1.4618195 0.9526234 0.9836601 0.9052392 1.1269351 0.9307597 1.0790965 1.0317984 1.1053875 1.2699067 0.9983530 1.2409453 1.5358647 1.1682374 0.7578137 1.2157545 1.5081268 1.0511915 1.4013196 0.9071267 1.1645676 1.2694130 1.1878390 1.2547914 1.1890766 1.5756163 1.2020199 1.3095054 1.7979770 0.9351951 1.2661126 1.1193431 1.1421048 1.2138623 1.0446820 0.9842936 1.1844664 0.7028921 1.3926054 1.1590796 1.3090581 1.1923422 1.1912046 1.2875015 1.3027709 1.2300152 1.0180875 0.8401108 1.2201261 0.9179760 1.0033602 0.9684853 
GCA_000230735.3_ASM23073v3_genomic_prot.fas                               1.2926763 1.4718996 1.4929750 0.9040123 0.9085313 1.0560827 0.8121796 1.4772703 1.0831974 0.0000000 1.5366378 1.4124254 1.0499990 1.5534518 1.5823875 0.8447696 1.4025974 1.5155101 0.8215866 0.8155435 1.0968876 1.9450627 1.3356286 1.1805476 1.3649115 1.5446348 1.1987295 1.3670691 1.2214468 0.8590151 1.3474934 1.6175199 1.5599001 1.6485680 0.8800589 1.3504017 1.5317474 1.4971676 1.2189793 1.4624853 1.4312558 1.3045544 1.5733778 1.0149680 0.8517211 1.8686595 1.2604904 1.3111964 1.2095989 1.4234206 1.2550007 1.2921382 1.1997848 1.3084448 1.5479528 1.1228105 1.3314698 1.9441950 1.2320803 1.0849636 1.5412347 1.8338464 1.1513132 1.6765761 0.8282315 1.4380260 1.5712975 1.5378892 1.5203261 1.4469773 1.9637570 1.5180012 1.6704687 2.2778718 1.1662341 1.6277308 1.5012232 1.5391154 1.4887467 1.2936976 1.1623129 1.5897656 1.0331077 1.6731460 1.3982897 1.7039146 1.5162782 1.5461570 1.5750070 1.6362335 1.5480139 1.0766825 1.0938215 1.4345647 0.9428758 1.1606348 1.0546187 
GCA_000247545.1_ASM24754v1_genomic_prot.fas                               1.5232531 1.1196486 1.3408760 1.5185277 1.1773061 1.2660472 1.3878758 1.0955059 1.2157698 1.5366378 0.0000000 1.2706815 1.4270171 1.2334938 1.7616556 1.3167213 0.9371344 1.6969915 1.4321510 1.3837505 1.2196194 1.6391030 1.7783007 1.4384729 1.1923686 1.6775728 1.5055651 1.2292178 1.3784635 1.4044945 1.2422127 1.7718272 1.6379610 1.7941816 1.4606606 1.2477039 1.5368534 1.5060195 1.1899027 1.5432905 1.4876717 1.1900768 1.3629274 1.2354136 1.2384423 2.0245099 1.4730364 1.0447334 1.0641899 1.2630000 1.1299370 1.5032999 1.4613493 1.4958545 1.2633197 1.4944258 1.6676499 1.9305212 1.5490023 1.3675987 1.7258173 2.0289394 1.5038619 1.4436286 1.3825837 1.6498825 1.7247232 1.6732998 1.7058877 1.6013579 2.1338048 1.6629053 1.8180999 2.4182651 1.4851528 1.7402924 1.6535771 1.7163809 1.7024135 1.2904400 1.4478431 1.7338356 1.0992911 1.4907061 1.6418972 1.7321740 1.6044505 1.7233630 1.8044420 1.8035401 1.7004500 1.4330175 1.2128130 1.4580662 1.3063301 1.4322579 1.4136112 
GCA_000270325.1_ASM27032v1_genomic_prot.fas                               1.4244788 1.1810304 1.2957488 1.3270779 1.1070390 1.2219792 1.2834652 1.2241735 1.1624646 1.4124254 1.2706815 0.0000000 1.2872555 1.2428521 1.7301543 1.2168748 1.1360074 1.6437709 1.3072037 1.2676331 1.1517513 1.7343914 1.6581244 1.2987386 0.9613917 1.6310312 1.3943750 1.2001981 1.2821321 1.2779491 1.0071741 1.5922712 1.5490865 1.6257831 1.3285670 1.1322075 1.4176674 1.3698865 1.0896139 1.4014467 1.3478812 0.9985454 1.2139101 1.1290104 1.1630915 1.9516353 1.3750268 1.0916771 0.8784456 1.0701057 0.9455672 1.4359187 1.3627516 1.4029246 1.2222905 1.3792676 1.5802500 1.8403912 1.4312219 1.2844170 1.6058870 1.8792996 1.4244884 1.4020101 1.3103238 1.5856925 1.6443312 1.6258868 1.6218802 1.5717352 2.0021905 1.6118737 1.7466179 2.2264355 1.3663488 1.6638163 1.5389947 1.6363423 1.6043001 1.2737450 1.4211108 1.6055894 1.0858427 1.3654163 1.4959116 1.7203859 1.5422751 1.5962123 1.6733186 1.7184393 1.6705693 1.3077867 1.2242274 1.2014144 1.2509759 1.3885867 1.2892843 
GCA_000308215.1_ASM30821v1_genomic_prot.fas                               0.8972529 1.2412122 1.3806355 0.9293197 0.8450412 0.6610691 0.8432839 1.3118578 0.9523997 1.0499990 1.4270171 1.2872555 0.0000000 1.3433606 1.3901253 0.8843835 1.2179979 1.3341901 0.8559493 0.8918759 0.9757322 1.6760887 1.4199171 1.0176265 1.1780369 1.3446164 0.7707954 1.1992126 1.0364105 0.8852983 1.1624070 1.4999288 1.3791280 1.4904452 0.9683046 1.1766889 1.3908083 1.3613487 1.0712994 1.3003555 1.2599599 1.1586660 1.4476690 0.8904737 0.8329125 1.6885001 1.1218967 1.1602246 1.0639977 1.2872510 1.1032762 1.1881352 0.8748940 0.9476009 1.4073251 0.5809452 1.0075606 1.7357851 0.8695366 0.9798212 1.3780909 1.6121792 0.8256904 1.5432462 0.8801070 1.2834465 1.3881325 1.3083029 1.3605340 1.3064147 1.8068931 1.3062726 1.4920201 2.0709296 0.6974173 1.4231152 1.3330530 1.3376674 1.3767410 1.1415261 0.7624295 1.4086416 0.9007274 1.5141598 1.3086107 1.4524893 1.3112318 1.2876322 1.4054479 1.5335091 1.3833766 0.5800265 1.0660757 1.3353739 0.9463703 0.8950045 0.5079495 
GCA_000398765.1_ASM39876v1_genomic_prot.fas                               1.4026826 1.0723647 1.3207789 1.4687108 1.1410852 1.2175517 1.3601252 1.1390803 1.1602808 1.5534518 1.2334938 1.2428521 1.3433606 0.0000000 1.6691391 1.3174929 1.0470546 1.6408119 1.4224215 1.3985008 1.2098391 1.5346714 1.6840165 1.3121563 1.1706005 1.5692028 1.4035438 1.1630487 1.3029188 1.3399419 1.1587475 1.6741218 1.6535753 1.6966543 1.3752930 1.2240203 1.4098324 1.3787723 1.0831722 1.4822431 1.4018404 1.1241491 1.2287120 1.1829872 1.1923219 1.7548826 1.3828649 0.9900059 1.0705415 1.2457897 1.0611172 1.4770626 1.4170591 1.5090367 1.2086643 1.4822960 1.6889985 1.7458103 1.6283171 1.2592051 1.5356002 1.8623174 1.5099001 1.3874664 1.3686380 1.5512285 1.6440855 1.6089417 1.6710706 1.6200166 2.0413773 1.6489725 1.6566262 2.1008850 1.4713054 1.6920256 1.4479053 1.5442242 1.5654975 1.2628743 1.3670617 1.5543567 1.1026432 1.4154655 1.5067905 1.6444835 1.5772568 1.5984950 1.7591560 1.7035716 1.6627347 1.4220439 1.2772349 1.4162497 1.3094939 1.3368831 1.3873289 
GCA_000402515.1_ASM40251v1_genomic_prot.fas                               1.5910923 1.5486794 1.6415463 1.5137522 1.2393190 1.2902642 1.3625647 1.6209463 1.2570788 1.5823875 1.7616556 1.7301543 1.3901253 1.6691391 0.0000000 1.3773724 1.4758772 0.8816874 1.3625479 1.3890432 1.2858453 1.6244802 1.5483509 1.2694291 1.4816640 0.8193232 1.4635924 1.5816645 1.2917789 1.4008648 1.5002637 1.8238058 1.6667200 1.7375382 1.4338519 1.6009683 1.7793728 1.7069591 1.4238508 1.7010040 1.5984832 1.4798357 1.8086522 1.1937128 1.3154951 1.6265770 1.3446724 1.6268687 1.3921259 1.5830405 1.3997680 1.3899113 1.4713995 1.4861587 1.8087930 1.3656931 1.7948932 1.6509092 1.7167229 1.2518678 1.0321791 1.3521009 1.5387970 1.9158348 1.3765560 0.8983869 0.9165539 0.8139856 1.2437487 0.9106020 1.8579997 0.9459232 1.2237051 1.8952200 1.3494766 1.4458384 1.5950291 0.8216971 0.9089385 1.5271470 1.5102293 1.6030309 1.1227338 1.8926727 1.4949930 1.1672699 1.3369303 0.8497907 0.8973940 1.1196226 0.8820690 1.5858639 1.3005504 1.6332029 1.3275181 1.4437814 1.4914609 
GCA_000711905.1_ASM71190v1_genomic_prot.fas                               1.0700445 1.2160627 1.2940163 0.7586459 0.6692626 0.8360513 0.6611769 1.2318560 0.8856381 0.8447696 1.3167213 1.2168748 0.8843835 1.3174929 1.3773724 0.0000000 1.1157918 1.3330245 0.5723159 0.5888545 0.8732260 1.6869604 1.3748296 0.9845211 1.0910472 1.3150821 0.9756763 1.1757604 1.0043609 0.6413604 1.1372637 1.4240912 1.3240130 1.4380960 0.8102888 1.1643499 1.3183332 1.2698503 1.0183704 1.2805738 1.1963820 1.0772524 1.3706402 0.8428398 0.6063950 1.6413510 1.0511298 1.0966072 0.9636508 1.2021736 0.9987339 1.1306100 0.9584657 1.0591798 1.3097961 0.9109070 1.1411994 1.7002736 1.0515219 0.9087541 1.3564336 1.6576185 0.9930592 1.4053262 0.6534213 1.2770110 1.3380084 1.3072224 1.3432684 1.2491507 1.7715724 1.3262718 1.4824372 2.0421971 0.9358221 1.4165608 1.3559828 1.3406893 1.3234321 1.0702655 0.9641870 1.3905059 0.8441525 1.4710630 1.2184362 1.4416969 1.2961272 1.2901459 1.3856711 1.4077627 1.3745069 0.9411255 0.9317312 1.2739375 0.7367099 0.9788927 0.8888305 
GCA_000813245.1_ASM81324v1_genomic_prot.fas                               1.2952734 0.9613392 1.1410905 1.2833201 1.0144094 1.0795535 1.1772852 1.0129326 1.0233631 1.4025974 0.9371344 1.1360074 1.2179979 1.0470546 1.4758772 1.1157918 0.0000000 1.4251257 1.2053590 1.1776657 1.0297895 1.5346517 1.5053376 1.1936140 0.9960865 1.4248049 1.3008414 0.9973693 1.2442824 1.1986638 1.0497677 1.5334861 1.4257161 1.5841755 1.2028977 1.0894070 1.3177204 1.2412207 0.9803657 1.2690507 1.1973410 1.0233392 1.2258919 1.0286941 1.0654294 1.6942423 1.2594565 0.9090623 0.8916228 1.1095530 0.9262848 1.3485035 1.2608512 1.3331770 1.1473429 1.2630805 1.4793262 1.7229477 1.3647430 1.1561892 1.4898277 1.7054000 1.2984720 1.2858707 1.2114595 1.3875269 1.4096084 1.4367919 1.4831997 1.3284599 1.8648492 1.4449407 1.5592421 2.0946920 1.2325059 1.5415126 1.4348649 1.3772012 1.4600425 1.1211880 1.2915594 1.4567227 0.9280994 1.3094372 1.4563718 1.5563279 1.4082920 1.3754826 1.4677167 1.5034060 1.4449888 1.2555742 1.0767781 1.2451720 1.1348373 1.2440907 1.2275277 
GCA_000830295.1_ASM83029v1_genomic_prot.fas                               1.5119533 1.5183082 1.6373505 1.3961649 1.2003104 1.2737889 1.3014532 1.5767045 1.2032093 1.5155101 1.6969915 1.6437709 1.3341901 1.6408119 0.8816874 1.3330245 1.4251257 0.0000000 1.3165188 1.3613089 1.2685452 1.5588246 1.5426126 1.2827438 1.3991983 0.6713270 1.4115612 1.5121379 1.2697025 1.3732722 1.4135823 1.7261026 1.5953221 1.7131759 1.3803521 1.5337945 1.6292172 1.5924336 1.3277535 1.6949179 1.5625360 1.4753243 1.7173667 1.1635663 1.2684659 1.7274521 1.3252676 1.4601502 1.3600936 1.5361867 1.3498549 1.3705072 1.4240849 1.4639550 1.7453809 1.3635146 1.6524046 1.6044300 1.5792690 1.2652443 0.8780694 1.2235682 1.3855772 1.8679935 1.3551785 0.6782886 0.7588476 0.6704102 1.2147898 0.7301455 1.7408809 0.7742404 1.1735864 2.0017684 1.3419789 1.4413211 1.5292367 0.6687870 0.7640282 1.5083867 1.4228972 1.5358417 1.1358590 1.7151403 1.4383186 1.1710719 1.3407906 0.6721651 0.8009446 1.1590557 0.7250870 1.4745566 1.3083197 1.6358940 1.2774158 1.3897102 1.3872834 
GCA_000970285.1_ASM97028v1_genomic_prot.fas                               1.1559850 1.2664565 1.3665472 0.7226148 0.6958393 0.8587616 0.6003177 1.3324733 0.8874150 0.8215866 1.4321510 1.3072037 0.8559493 1.4224215 1.3625479 0.5723159 1.2053590 1.3165188 0.0000000 0.5434520 0.9512647 1.7043413 1.3801223 0.9940983 1.1669054 1.2978952 0.9408541 1.1962873 1.0541244 0.6349184 1.1569476 1.4534862 1.4041902 1.5226283 0.8100680 1.1932051 1.3577475 1.2870229 1.0476821 1.2902153 1.2354616 1.1334917 1.4330045 0.8505762 0.6473586 1.5640050 1.0877483 1.1831662 1.0510077 1.3068818 1.0858585 1.1477542 1.0241733 1.0764193 1.3756313 0.9294374 1.1785367 1.7038709 1.1335702 0.9257270 1.3479861 1.5730255 0.9834675 1.5838195 0.6413219 1.2663355 1.3369155 1.2874513 1.3793254 1.2523843 1.8148256 1.3000578 1.4880855 1.9984690 0.8820931 1.4437708 1.3384184 1.2862350 1.3281976 1.1111059 0.9691308 1.3929123 0.9044609 1.4821090 1.2558782 1.4930750 1.2943884 1.2524890 1.3637220 1.4582695 1.3379821 0.9493389 1.0205213 1.2823976 0.7327991 0.9938350 0.8785497 
GCA_001509375.1_ASM150937v1_genomic_prot.fas                              1.1139680 1.2775653 1.3908014 0.7496178 0.6989688 0.8777684 0.6087700 1.2705170 0.8920436 0.8155435 1.3837505 1.2676331 0.8918759 1.3985008 1.3890432 0.5888545 1.1776657 1.3613089 0.5434520 0.0000000 0.9155093 1.7095758 1.3623117 0.9678729 1.1669218 1.3190106 0.9921082 1.1656685 1.0215663 0.5976596 1.1805023 1.4847711 1.4235358 1.4924384 0.7988666 1.1940804 1.3380080 1.2885068 0.9945231 1.2717711 1.2482176 1.1339462 1.4563104 0.8318784 0.6212355 1.6562469 1.0612005 1.1317222 1.0042079 1.2607043 1.0669036 1.1623681 1.0107338 1.0873521 1.4191075 0.9297268 1.1799535 1.7344196 1.0877168 0.8729621 1.3800803 1.6769808 1.0152368 1.4986665 0.6093326 1.2625380 1.3601833 1.3202527 1.3803935 1.2671134 1.8154099 1.3460758 1.5023162 2.0213385 0.9364889 1.4345144 1.3167722 1.3445647 1.3393446 1.0980344 0.9638625 1.3974849 0.8594183 1.5380583 1.2837327 1.4634728 1.2857452 1.2887369 1.3856479 1.4368843 1.3622966 0.9470288 0.9536348 1.2738744 0.6946809 0.9993667 0.8854494 
GCA_001515205.2_ASM151520v2_genomic_prot.fas                              1.1584520 1.1003247 1.1852358 1.0410787 0.8331619 0.8954879 0.9230450 1.1044696 0.8404611 1.0968876 1.2196194 1.1517513 0.9757322 1.2098391 1.2858453 0.8732260 1.0297895 1.2685452 0.9512647 0.9155093 0.0000000 1.5944982 1.3441966 0.9145375 0.9987433 1.2449028 1.0057292 1.0469285 0.9751387 0.9337546 1.0149553 1.4043527 1.2931786 1.4258722 0.9968467 1.0301045 1.2182431 1.1483527 0.8759179 1.1711380 1.1195328 0.9488048 1.2775528 0.7820232 0.8787570 1.5665621 1.0260040 1.0022896 0.8710003 1.0813820 0.9059144 1.0953129 1.0486679 1.1241345 1.2449336 1.0103244 1.2367469 1.6217618 1.1667332 0.8577927 1.2919796 1.5901520 1.0462696 1.3100733 0.9217083 1.1967675 1.2532006 1.2060794 1.3071030 1.2063145 1.7116736 1.1989230 1.3313598 1.9249108 0.9891719 1.2994940 1.2617867 1.2349728 1.2645951 0.9699580 1.0269599 1.3202834 0.7506911 1.3114142 1.1630678 1.3556208 1.1871995 1.2738820 1.2914030 1.3723493 1.2802835 1.0073316 0.8772055 1.1973339 0.9482299 1.0302774 0.9806622 
GCA_001552015.1_ASM155201v1_genomic_prot.fas                              1.7715414 1.4604590 1.6464075 1.8183102 1.4075758 1.5012794 1.6618505 1.5658242 1.4175070 1.9450627 1.6391030 1.7343914 1.6760887 1.5346714 1.6244802 1.6869604 1.5346517 1.5588246 1.7043413 1.7095758 1.5944982 0.0000000 1.7832315 1.6160119 1.6306846 1.5594621 1.7353078 1.7512510 1.6302073 1.6949717 1.6935619 1.8146303 1.8451200 1.8602763 1.6539089 1.7182002 1.8984949 1.8109873 1.5430422 1.9246394 1.7195260 1.7118004 1.7517847 1.4687733 1.5715213 1.9841777 1.6787368 1.5615376 1.5081269 1.6605554 1.5541050 1.7161759 1.7594491 1.6640785 1.8015744 1.7435645 2.0461238 1.7410642 1.9674218 1.5676417 1.5545594 1.7656360 1.7860033 1.9333048 1.7359197 1.5807961 1.5785963 1.5463807 1.6503054 1.5751176 2.0419324 1.4859512 1.6812328 2.0679212 1.6974017 1.7617518 1.7144436 1.5365941 1.6112111 1.7748665 1.8311642 1.7721367 1.2941054 1.9100532 1.7832154 1.5743090 1.6855067 1.4942811 1.6672518 1.6228254 1.5902170 1.8105453 1.5141178 2.1409814 1.5592407 1.6784004 1.7851939 
GCA_001563875.1_ASM156387v1_genomic_prot.fas                              1.6327933 1.6419862 1.6308328 1.4636585 1.2862837 1.3642884 1.3498463 1.6668679 1.2781623 1.3356286 1.7783007 1.6581244 1.4199171 1.6840165 1.5483509 1.3748296 1.5053376 1.5426126 1.3801223 1.3623117 1.3441966 1.7832315 0.0000000 1.3366968 1.5576299 1.4986515 1.5019664 1.5772296 1.3454220 1.3782744 1.5874724 1.8090081 1.6424990 1.8161682 1.2701585 1.6273878 1.7407798 1.7349357 1.4592551 1.7445652 1.6255677 1.5757474 1.7245856 1.2645607 1.3187064 1.6948203 1.3746027 1.5523519 1.4536125 1.6120784 1.4654269 1.3355387 1.5020342 1.4969429 1.7675176 1.4742654 1.6822435 1.8228706 1.6141700 1.3178118 1.5772123 1.7748702 1.4290642 1.8481569 1.3819651 1.4403953 1.5727158 1.4977956 1.5688257 1.5279066 1.9947458 1.4894863 1.5943858 2.1251727 1.4780647 1.5020173 1.5770484 1.5218985 1.5262831 1.5489412 1.4784370 1.6906396 1.2186196 1.9106803 1.5093579 1.6483097 1.3334589 1.4936959 1.5993099 1.6555009 1.5740868 1.4614077 1.2953232 1.7043885 1.3754083 1.4659966 1.4478694 
GCA_001587575.1_ASM158757v1_genomic_prot.fas                              1.2013912 1.2447836 1.3609342 1.0630384 0.9125185 0.9448965 0.9560759 1.2761926 0.8925659 1.1805476 1.4384729 1.2987386 1.0176265 1.3121563 1.2694291 0.9845211 1.1936140 1.2827438 0.9940983 0.9678729 0.9145375 1.6160119 1.3366968 0.0000000 1.1757854 1.2252812 1.0488735 1.1692711 0.9717763 0.9865048 1.1199356 1.3968835 1.3690246 1.4463478 1.0338589 1.2128860 1.3004493 1.2450014 0.9870731 1.2675548 1.1593309 1.1081604 1.3833154 0.8319185 0.9261532 1.5124742 1.0110096 1.1640563 1.0238132 1.2456251 1.0581884 1.1360585 1.1081196 1.2015201 1.4553558 1.0284227 1.3258272 1.6102362 1.2548658 0.8915511 1.3028667 1.6199971 1.1357913 1.5788128 0.9698777 1.2476430 1.3008126 1.2163396 1.3396993 1.2706173 1.7368635 1.2818717 1.3644513 1.9604346 1.0187724 1.3452884 1.2271686 1.2430500 1.2514360 1.1227432 1.0760480 1.2813894 0.7827790 1.4933386 1.2068829 1.3744076 1.2439152 1.2692603 1.3383325 1.4531211 1.3233437 1.0925993 1.0212804 1.2987984 0.9755724 1.0833793 1.0061633 
GCA_001593865.1_ASM159386v1_genomic_prot.fas                              1.3460741 1.0727836 1.2109391 1.2324807 1.0146121 1.0967294 1.1986950 1.0776016 1.0426890 1.3649115 1.1923686 0.9613917 1.1780369 1.1706005 1.4816640 1.0910472 0.9960865 1.3991983 1.1669054 1.1669218 0.9987433 1.6306846 1.5576299 1.1757854 0.0000000 1.4326815 1.2777586 1.0479946 1.1873775 1.1935477 0.8157591 1.6228364 1.5117312 1.6962475 1.2208075 0.9076631 1.2624902 1.1915620 0.9635842 1.2952162 1.1921653 0.7937624 1.1559932 1.0040500 1.0010370 1.9459280 1.2341036 0.9212914 0.6443444 0.9276911 0.7044014 1.3229697 1.2533652 1.2930027 1.0726758 1.1934876 1.5388988 1.7973819 1.3623300 1.1082321 1.3977665 1.8338228 1.2963129 1.2967032 1.1433028 1.4588707 1.4845480 1.4474794 1.4721273 1.3539618 1.8816583 1.4236356 1.5595425 2.0559068 1.2271078 1.5038678 1.5064163 1.3868466 1.4633712 1.0502506 1.2278050 1.5398995 0.9230739 1.1916945 1.4324688 1.5972157 1.4259820 1.3833604 1.5475323 1.5996927 1.4705138 1.2394976 1.0759866 0.9902399 1.1241939 1.2580050 1.1915244 
GCA_001595785.1_ASM159578v1_genomic_prot.fas                              1.5300275 1.5036202 1.6301367 1.4100324 1.2109743 1.2542313 1.2948502 1.5330902 1.1876274 1.5446348 1.6775728 1.6310312 1.3446164 1.5692028 0.8193232 1.3150821 1.4248049 0.6713270 1.2978952 1.3190106 1.2449028 1.5594621 1.4986515 1.2252812 1.4326815 0.0000000 1.3647045 1.4977653 1.2261825 1.3409117 1.4473810 1.6821274 1.5899404 1.7335753 1.3322507 1.5285470 1.6193141 1.5591870 1.3173513 1.6326654 1.5137860 1.4545680 1.6763534 1.1635457 1.2465047 1.7300490 1.3118668 1.4347118 1.3316608 1.5365784 1.3335496 1.3079163 1.3976046 1.4921181 1.7063690 1.3633339 1.6977227 1.5936479 1.6552397 1.2359893 0.8507454 1.2807905 1.4206325 1.8864160 1.3429978 0.6777918 0.7554852 0.6509038 1.2334435 0.7163730 1.7323110 0.7422842 1.1816279 1.9938889 1.3307059 1.4317103 1.4814909 0.6616755 0.7353234 1.4712794 1.3877374 1.5120604 1.1165504 1.7540977 1.3674636 1.1553269 1.2953197 0.6887759 0.7710441 1.1267626 0.7074046 1.4690519 1.2765100 1.6330986 1.2918428 1.3903870 1.4051905 
GCA_001595945.1_ASM159594v1_genomic_prot.fas                              1.1050222 1.3367867 1.4608274 1.0682296 0.9497647 0.7819642 0.9628891 1.3666619 0.9480974 1.1987295 1.5055651 1.3943750 0.7707954 1.4035438 1.4635924 0.9756763 1.3008414 1.4115612 0.9408541 0.9921082 1.0057292 1.7353078 1.5019664 1.0488735 1.2777586 1.3647045 0.0000000 1.2605992 1.0605759 0.9496454 1.2588225 1.5786211 1.4543797 1.5951541 1.0167313 1.2811710 1.4222001 1.3848270 1.0997286 1.3067176 1.3278010 1.2261539 1.4638227 0.9141075 0.9389415 1.7078821 1.1290003 1.2373292 1.1370199 1.3368461 1.1300449 1.2202095 0.9910121 1.0128981 1.5173387 0.8099273 1.1360163 1.7417460 1.0628078 0.9860190 1.4267531 1.7357118 0.9090038 1.6191112 0.9809118 1.3079723 1.4031464 1.3809193 1.4650579 1.3738689 1.8729882 1.3647813 1.5237954 1.9666160 0.7223297 1.4718072 1.3402142 1.3423332 1.4306104 1.1414823 0.7794782 1.4640756 0.9396298 1.5498507 1.3472830 1.5419929 1.3852465 1.2914151 1.4627306 1.5329457 1.4499295 0.7798786 1.0665710 1.3877461 1.0154782 0.7888219 0.7468255 
GCA_001717035.1_ASM171703v1_genomic_prot.fas                              1.3877430 1.0782895 1.2812669 1.2694954 1.1077935 1.1395405 1.1672701 1.1515317 1.1298322 1.3670691 1.2292178 1.2001981 1.1992126 1.1630487 1.5816645 1.1757604 0.9973693 1.5121379 1.1962873 1.1656685 1.0469285 1.7512510 1.5772296 1.1692711 1.0479946 1.4977653 1.2605992 0.0000000 1.2147550 1.1847879 0.9623276 1.5969749 1.5044732 1.6186870 1.2728672 1.0640248 1.3155115 1.1954484 0.9645824 1.2691467 1.1850407 1.0008304 1.3542597 1.0495408 1.1152167 1.8514551 1.2432066 0.9735530 0.9547541 1.2033473 0.9549383 1.3739907 1.2664587 1.3192909 1.2852662 1.2482587 1.5074199 1.8688020 1.3452803 1.1193594 1.5801697 1.7590150 1.3317269 1.3175400 1.1834183 1.4594906 1.5131208 1.4886133 1.5729169 1.4574956 1.9870767 1.4588638 1.6367279 2.3079907 1.2539830 1.5585287 1.4972120 1.5192019 1.5140122 1.0606083 1.2571838 1.5311015 1.0149210 1.3485292 1.4200777 1.5716309 1.4366364 1.4839632 1.6061055 1.6297172 1.5496964 1.2314293 1.1486848 1.1873071 1.1963201 1.2121142 1.1598788 
GCA_001723855.1_ASM172385v1_genomic_prot.fas                              1.1972660 1.2715759 1.4149603 1.1052103 0.9346863 0.9580216 1.0178727 1.3053746 0.9153975 1.2214468 1.3784635 1.2821321 1.0364105 1.3029188 1.2917789 1.0043609 1.2442824 1.2697025 1.0541244 1.0215663 0.9751387 1.6302073 1.3454220 0.9717763 1.1873775 1.2261825 1.0605759 1.2147550 0.0000000 1.0040219 1.2411223 1.3415681 1.2741459 1.3942518 1.0455443 1.1960550 1.3518829 1.3348611 1.0605906 1.2725994 1.2457612 1.1680391 1.3921888 0.8799478 0.9914690 1.4427748 0.6223380 1.1159971 1.0933728 1.3119271 1.1300799 1.1171770 1.1018884 1.0689111 1.4470952 1.0587602 1.2748529 1.5358974 1.2140405 0.9675706 1.3463339 1.5792290 1.1082268 1.5261177 1.0329977 1.1846706 1.2502120 1.2049753 1.3396397 1.2341335 1.6341750 1.2452571 1.3445541 1.7886235 1.0360987 1.3023871 0.8400931 1.2075369 1.2867407 1.1736444 1.0776033 0.8656615 0.8842356 1.5872891 1.2164941 1.3810711 1.2122247 1.2217484 1.3041434 1.4110934 1.2666353 1.1001793 1.0823483 1.3787271 1.0105408 1.0429381 1.0462155 
GCA_001766815.1_ASM176681v1_genomic_prot.fas                              1.0710920 1.2901291 1.3665992 0.7760195 0.6964952 0.8399747 0.6624127 1.3098878 0.8816917 0.8590151 1.4044945 1.2779491 0.8852983 1.3399419 1.4008648 0.6413604 1.1986638 1.3732722 0.6349184 0.5976596 0.9337546 1.6949717 1.3782744 0.9865048 1.1935477 1.3409117 0.9496454 1.1847879 1.0040219 0.0000000 1.1673358 1.4105643 1.4103873 1.4729785 0.8001846 1.2080545 1.3497878 1.3018513 1.0139127 1.2407546 1.2124884 1.1090647 1.3791828 0.8451685 0.6292329 1.5751156 1.0724107 1.1574871 1.0405944 1.2477770 1.0639329 1.1601951 1.0152252 1.1170268 1.4339417 0.9225708 1.1242246 1.7136899 1.0932954 0.9155703 1.4343668 1.6716479 1.0142289 1.5294744 0.6675155 1.2890651 1.3848162 1.3525067 1.3879480 1.3274482 1.8057079 1.3336783 1.4819188 1.9604017 0.9000150 1.3807412 1.2893032 1.3311818 1.3684488 1.1153883 0.9651129 1.3554371 0.8828159 1.5102715 1.2461782 1.4283364 1.3023600 1.3068767 1.4601998 1.4525223 1.4071433 0.9408473 0.9956091 1.3644415 0.6933493 0.9922365 0.8941199 
GCA_001775995.1_ASM177599v1_genomic_prot.fas                              1.3374448 1.1015066 1.2044400 1.2043546 1.0504748 1.1040145 1.1471506 1.1310948 1.0810589 1.3474934 1.2422127 1.0071741 1.1624070 1.1587475 1.5002637 1.1372637 1.0497677 1.4135823 1.1569476 1.1805023 1.0149553 1.6935619 1.5874724 1.1199356 0.8157591 1.4473810 1.2588225 0.9623276 1.2411223 1.1673358 0.0000000 1.6076219 1.5621917 1.6404262 1.2177418 0.8211754 1.2308268 1.1646546 0.8866835 1.2101761 1.1238782 0.7407356 1.1310786 1.0093876 1.0527670 1.7059678 1.3034979 0.9426557 0.7455220 0.9711391 0.6968166 1.3662513 1.2209945 1.2459998 1.1107727 1.2003467 1.4802440 1.7959592 1.3568432 1.0858751 1.5381872 1.7130147 1.2862179 1.3689800 1.1702919 1.4258387 1.4434828 1.3913412 1.5392481 1.3474962 1.9632337 1.4692874 1.6162363 2.1699831 1.1811473 1.4971443 1.4797209 1.3597872 1.4527159 1.0214472 1.2126274 1.5349719 0.9967097 1.1590772 1.4336010 1.5413200 1.4157937 1.3658530 1.4579290 1.5711540 1.4435238 1.2460455 1.1814128 0.9189918 1.1412048 1.2371257 1.1886733 
GCA_001871535.1_ASM187153v1_genomic_prot.fas                              1.5188967 1.5927443 1.7571829 1.5448492 1.3166036 1.3801319 1.4545442 1.6154983 1.3328925 1.6175199 1.7718272 1.5922712 1.4999288 1.6741218 1.8238058 1.4240912 1.5334861 1.7261026 1.4534862 1.4847711 1.4043527 1.8146303 1.8090081 1.3968835 1.6228364 1.6821274 1.5786211 1.5969749 1.3415681 1.4105643 1.6076219 0.0000000 1.2617138 1.2476278 1.4538456 1.5704059 1.6724054 1.7023679 1.5047354 1.7587178 1.5868325 1.5728150 1.8445633 1.3372994 1.4005565 1.8505279 1.4657254 1.4949269 1.4572256 1.7058892 1.4499717 1.5308269 1.5462348 1.4812103 1.7836633 1.4734874 1.8013074 2.0127163 1.6045360 1.3556281 1.7787157 2.1441886 1.5260101 1.9721650 1.4557681 1.6789169 1.7050749 1.7025336 1.6193942 1.7248144 1.8409049 1.6443967 1.7476388 2.2843315 1.5606818 1.6165495 1.5964068 1.7568891 1.6736423 1.5928780 1.5334735 1.6517459 1.2640711 1.8202464 1.4539873 1.7172635 1.5266639 1.6607470 1.8557305 1.7147828 1.7351849 1.6361524 1.5105152 1.9034825 1.4285977 1.4755968 1.5442625 
GCA_001871595.1_ASM187159v1_genomic_prot.fas                              1.5677530 1.5482665 1.6457635 1.4936416 1.2825765 1.3498818 1.3956441 1.6006882 1.2785864 1.5599001 1.6379610 1.5490865 1.3791280 1.6535753 1.6667200 1.3240130 1.4257161 1.5953221 1.4041902 1.4235358 1.2931786 1.8451200 1.6424990 1.3690246 1.5117312 1.5899404 1.4543797 1.5044732 1.2741459 1.4103873 1.5621917 1.2617138 0.0000000 1.3185617 1.4447455 1.5251672 1.6444257 1.6260047 1.4339213 1.6597864 1.5011325 1.4468511 1.7002742 1.2765172 1.3178910 1.7893645 1.3386305 1.4365709 1.4428538 1.5448242 1.4517163 1.4270477 1.4549612 1.4211876 1.6560740 1.5018636 1.6941980 1.8087196 1.4918547 1.4002880 1.7286756 1.8654485 1.4343230 1.8548254 1.3880143 1.5423947 1.6201697 1.5916540 1.5943269 1.5966477 1.8330121 1.5397878 1.7346792 2.1800208 1.4789910 1.6164465 1.5343140 1.6366920 1.5805493 1.4949353 1.4438135 1.6341031 1.2179271 1.7855588 1.2365662 1.6290445 1.4924355 1.5075152 1.7082867 1.6759864 1.6575730 1.4616834 1.3979151 1.6365551 1.4248143 1.4080116 1.4523690 
GCA_001896515.1_ASM189651v1_genomic_prot.fas                              1.4926170 1.5796099 1.7390506 1.5923857 1.3315332 1.3620298 1.4584058 1.6543943 1.3536003 1.6485680 1.7941816 1.6257831 1.4904452 1.6966543 1.7375382 1.4380960 1.5841755 1.7131759 1.5226283 1.4924384 1.4258722 1.8602763 1.8161682 1.4463478 1.6962475 1.7335753 1.5951541 1.6186870 1.3942518 1.4729785 1.6404262 1.2476278 1.3185617 0.0000000 1.5304478 1.6000917 1.8513064 1.8675697 1.4577658 1.7924026 1.6881477 1.5409189 1.8135303 1.3808025 1.4229353 1.7647537 1.4369392 1.5888744 1.5932456 1.7236049 1.5388314 1.5623069 1.5462762 1.6006822 1.7560474 1.6021656 1.8954916 1.8496776 1.6617585 1.4596894 1.8128832 1.9452266 1.5304890 1.8327357 1.4700386 1.6792428 1.7775507 1.7011522 1.7663602 1.7370414 1.9303971 1.6610872 1.8150658 2.2858412 1.5557850 1.6728264 1.5599987 1.7128003 1.7091274 1.6254527 1.5754713 1.7029773 1.2697474 1.8808212 1.4188665 1.7350700 1.6162785 1.6205286 1.8656219 1.7155141 1.7717773 1.5725850 1.4465391 1.7969071 1.4799275 1.5223899 1.5539061 
GCA_001914405.1_ASM191440v1_genomic_prot.fas                              1.1233842 1.2751532 1.4437475 0.9215145 0.8049030 0.9081047 0.8250715 1.3164580 0.9296122 0.8800589 1.4606606 1.3285670 0.9683046 1.3752930 1.4338519 0.8102888 1.2028977 1.3803521 0.8100680 0.7988666 0.9968467 1.6539089 1.2701585 1.0338589 1.2208075 1.3322507 1.0167313 1.2728672 1.0455443 0.8001846 1.2177418 1.4538456 1.4447455 1.5304478 0.0000000 1.2588923 1.3725774 1.3944261 1.0553956 1.3460451 1.2506218 1.1853643 1.3896175 0.8975871 0.7798872 1.6159458 1.0731591 1.1835948 1.0810143 1.2858778 1.1074956 1.1893781 1.0891069 1.1804689 1.4065015 1.0205531 1.2578200 1.7208377 1.1952283 0.9304083 1.3969926 1.6538349 1.0745595 1.5314980 0.8118829 1.3350380 1.4059977 1.3464523 1.4492282 1.3658263 1.8542880 1.3469046 1.4433941 2.0667988 0.9610886 1.4180373 1.3096671 1.3485681 1.3731110 1.1805206 1.0523415 1.3783020 0.9364898 1.4823431 1.3048117 1.4684396 1.3391347 1.3085828 1.5240877 1.5557860 1.4362798 1.0088164 1.0107575 1.3255384 0.8092086 1.0439571 1.0085289 
GCA_001918745.1_ASM191874v1_genomic_prot.fas                              1.3577003 1.1544949 1.3591916 1.2814019 1.0886711 1.1364871 1.1659018 1.1779471 1.1135735 1.3504017 1.2477039 1.1322075 1.1766889 1.2240203 1.6009683 1.1643499 1.0894070 1.5337945 1.1932051 1.1940804 1.0301045 1.7182002 1.6273878 1.2128860 0.9076631 1.5285470 1.2811710 1.0640248 1.1960550 1.2080545 0.8211754 1.5704059 1.5251672 1.6000917 1.2588923 0.0000000 1.2812601 1.3243506 0.9959126 1.2948890 1.2290644 0.8413462 1.2903366 1.0349789 1.0742989 1.8335012 1.3205252 1.0426108 0.8941690 1.0827829 0.7835597 1.3778005 1.2896842 1.3733093 1.1688007 1.2888450 1.5778774 1.8535285 1.3886195 1.1199527 1.5096277 1.7880339 1.2972751 1.3766152 1.1844218 1.4481103 1.5644626 1.5285304 1.5596723 1.4828084 1.9949714 1.4817436 1.7116603 2.3286582 1.2870514 1.5213668 1.4754523 1.4569154 1.5606141 1.0528810 1.2238426 1.6640881 0.9867446 1.2044636 1.4158621 1.6508035 1.4182018 1.4926440 1.6819685 1.6098282 1.5944588 1.2025989 1.1559613 1.0588353 1.2188422 1.2677049 1.2103321 
GCA_001940645.1_ASM194064v1_genomic_prot.fas                              1.5090277 1.3057975 1.5021472 1.4486809 1.2114967 1.2893115 1.3362428 1.4009650 1.2396586 1.5317474 1.5368534 1.4176674 1.3908083 1.4098324 1.7793728 1.3183332 1.3177204 1.6292172 1.3577475 1.3380080 1.2182431 1.8984949 1.7407798 1.3004493 1.2624902 1.6193141 1.4222001 1.3155115 1.3518829 1.3497878 1.2308268 1.6724054 1.6444257 1.8513064 1.3725774 1.2812601 0.0000000 1.2972639 1.1217495 1.2697465 1.1806602 1.2288586 1.5021922 1.2247530 1.2792822 1.8540417 1.3945819 1.2208880 1.1725348 1.3626175 1.1804629 1.4596125 1.4686160 1.4259832 1.5245981 1.4171886 1.6481525 2.0107296 1.5660679 1.2584358 1.7163920 1.8891942 1.4468984 1.6881378 1.3576487 1.5853194 1.6174269 1.6053099 1.7085832 1.5980770 2.0809725 1.6100862 1.7716389 2.2649815 1.4144153 1.6470227 1.6076274 1.5449410 1.6337917 1.1880832 1.4425516 1.6621232 1.1651453 1.5702580 1.5521700 1.7754174 1.6075746 1.6352545 1.7528996 1.7590314 1.6806401 1.4029795 1.3625926 1.4327284 1.3111081 1.3414357 1.3667241 
GCA_001940655.1_ASM194065v1_genomic_prot.fas                              1.5266467 1.2828078 1.4915112 1.3815018 1.2518546 1.2684666 1.3035132 1.3486720 1.1745819 1.4971676 1.5060195 1.3698865 1.3613487 1.3787723 1.7069591 1.2698503 1.2412207 1.5924336 1.2870229 1.2885068 1.1483527 1.8109873 1.7349357 1.2450014 1.1915620 1.5591870 1.3848270 1.1954484 1.3348611 1.3018513 1.1646546 1.7023679 1.6260047 1.8675697 1.3944261 1.3243506 1.2972639 0.0000000 0.9619666 1.3480891 1.2845547 1.1837276 1.4357918 1.2062508 1.2405798 2.0432321 1.4445573 1.1940274 1.0396976 1.2849759 1.0724444 1.5524013 1.4534038 1.4824701 1.4582871 1.3297323 1.6328283 2.0522092 1.5937382 1.2338037 1.6129690 1.9636604 1.4109403 1.5209544 1.3254215 1.5949402 1.5995614 1.5339845 1.6202820 1.5655336 1.9900410 1.5506020 1.7374710 2.1166074 1.3610216 1.6925273 1.5822609 1.5448352 1.5505791 1.0482105 1.4032218 1.6303503 1.1327457 1.4510013 1.6093235 1.6890870 1.5760744 1.4737906 1.6740970 1.6971449 1.6229073 1.3954842 1.3019786 1.3967277 1.3325433 1.4224157 1.3898757 
