97
GCA_000011185.1_ASM1118v1_genomic_prot.fas                                0.0000000 1.3551004 1.5011878 1.1721062 0.9843704 0.7584223 1.0972027 1.4336963 1.0951063 1.3092885 1.5432264 1.4437166 0.9092669 1.4224950 1.6123782 1.0848063 1.3121970 1.5315024 1.1714613 1.1289072 1.1738163 1.7961714 1.6540710 1.2178044 1.3645191 1.5504977 1.1202200 1.4057068 1.2133490 1.0857105 1.3555464 1.5398176 1.5878194 1.5126611 1.1383135 1.3763350 1.5292058 1.5466078 1.2598778 1.4998751 1.4615852 1.3464428 1.5128437 1.0822011 1.0381186 1.7086866 1.2859723 1.3024358 1.2379963 1.4108882 1.2696263 1.4106044 1.0736787 1.1193685 1.5220761 0.9603795 1.2623817 1.7386716 1.0689099 1.1882870 1.5465354 1.8219188 1.0717307 1.6494310 1.1360950 1.4550048 1.5773785 1.5151029 1.5580072 1.5705714 1.9661833 1.5273932 1.7120253 2.1521747 1.0271688 1.5607767 1.4389996 1.5251744 1.5772895 1.3421310 1.0743367 1.4983078 1.0648007 1.6435470 1.4438120 1.6131417 1.4525168 1.4856994 1.6435221 1.5803410 1.5586730 0.9736993 1.2470564 1.5322447 1.0957749 1.0600541 0.9466290 
GCA_000011205.1_ASM1120v1_genomic_prot.fas                                1.3551004 0.0000000 1.2355538 1.3475720 1.0685326 1.1334984 1.2566595 0.8065090 1.1031521 1.4897676 1.1344890 1.1965888 1.2568655 1.0876225 1.5685564 1.2319064 0.9743053 1.5374542 1.2827353 1.2937851 1.1145506 1.4809055 1.6626247 1.2615962 1.0879363 1.5232790 1.3546094 1.0923372 1.2882503 1.3070028 1.1164033 1.6151973 1.5677633 1.6012846 1.2912877 1.1695035 1.3230572 1.2998606 1.0434938 1.3649064 1.2767295 1.1004836 1.2701228 1.0977057 1.1722000 1.7604605 1.3269865 0.7439055 0.9727488 1.1719439 1.0164548 1.4234790 1.3120767 1.3742365 1.2390178 1.3660623 1.5802574 1.7302055 1.4653615 1.1966923 1.5565689 1.8459156 1.3756999 1.2819676 1.2943270 1.5294107 1.5272378 1.4989288 1.5656498 1.5127444 1.8123288 1.4970268 1.6163651 2.0696796 1.3307124 1.5728137 1.4577599 1.5278643 1.5403102 1.1962954 1.3564128 1.5223325 1.0262932 1.4034141 1.4320559 1.5881407 1.5486889 1.4842849 1.6478107 1.6228954 1.5843885 1.3462927 1.1889938 1.3525564 1.2448199 1.3035293 1.2623006 
GCA_000019605.1_ASM1960v1_genomic_prot.fas                                1.5011878 1.2355538 0.0000000 1.4915544 1.1959654 1.2630539 1.3733228 1.2532150 1.2460631 1.5118660 1.3578816 1.3132336 1.3980311 1.3390061 1.6638577 1.3107793 1.1558823 1.6582113 1.3838214 1.4084768 1.2007150 1.6693788 1.6517651 1.3791264 1.2273708 1.6524991 1.4808446 1.2981666 1.4341626 1.3851064 1.2203536 1.7805352 1.6676701 1.7617596 1.4624986 1.3774311 1.5219094 1.5107306 1.1877380 1.5634525 1.4274581 1.2214682 1.3794690 1.2031867 1.2718198 1.8576481 1.4427090 1.1669838 1.1102198 1.3242186 1.1207894 1.6349304 1.4524725 1.5059008 1.3722649 1.4675379 1.6977242 1.8927436 1.5663377 1.3388442 1.6427161 1.9889687 1.5159964 1.5298970 1.3818873 1.5996054 1.7318519 1.6564415 1.6912392 1.5973743 2.0456063 1.6520910 1.7928333 2.1656500 1.5182258 1.7118297 1.6279875 1.6623963 1.6874208 1.3139028 1.4697179 1.7433509 1.0862909 1.6326159 1.5866661 1.7295978 1.5855569 1.7252606 1.7014265 1.7491225 1.6999766 1.4533630 1.1928505 1.4605886 1.3261877 1.4282315 1.4319738 
GCA_000021965.1_ASM2196v1_genomic_prot.fas                                1.1721062 1.3475720 1.4915544 0.0000000 0.8041224 0.9725603 0.7183831 1.4031234 0.9777351 0.9157733 1.5373727 1.3441698 0.9415485 1.4888241 1.5324080 0.7691064 1.2996521 1.4136480 0.7323998 0.7598146 1.0545174 1.8415624 1.4818237 1.0770752 1.2493879 1.4282255 1.0826111 1.2853958 1.1198633 0.7868004 1.2202783 1.5651882 1.5120682 1.6132243 0.9339186 1.2982913 1.4678184 1.3995994 1.1275423 1.3823142 1.3238447 1.2438198 1.5350790 0.9568320 0.7583340 1.6949258 1.1875688 1.2724493 1.1433731 1.3856731 1.1630605 1.2295455 1.1070889 1.1918904 1.5240503 1.0312181 1.2118830 1.7391775 1.1642964 1.0189983 1.5120287 1.7132145 1.0500393 1.6303906 0.7600302 1.3908238 1.4779671 1.4279738 1.4724232 1.4030185 1.9397736 1.4267944 1.5807638 2.1348730 1.0528859 1.5092912 1.4149596 1.4416842 1.4410785 1.2307822 1.0612430 1.4811083 0.9846107 1.6016183 1.3805768 1.5302827 1.3839780 1.3632715 1.4890978 1.5774937 1.5096327 1.0051346 1.1047607 1.4161039 0.8640333 1.1507013 0.9499353 
GCA_000025505.1_ASM2550v1_genomic_prot.fas                                0.9843704 1.0685326 1.1959654 0.8041224 0.0000000 0.7600695 0.7370272 1.0934685 0.7832691 0.9204206 1.1921977 1.1220006 0.8562896 1.1565718 1.2553690 0.6786312 1.0274902 1.2157918 0.7054886 0.7085265 0.8443887 1.4255231 1.3022423 0.9250403 1.0284990 1.2268351 0.9626247 1.1218309 0.9471823 0.7062029 1.0645362 1.3337457 1.2988889 1.3493200 0.8158590 1.1031517 1.2275937 1.2679821 0.9434750 1.2128288 1.1612568 0.9996156 1.2108562 0.7699047 0.5743036 1.4640530 1.0255690 1.0070028 0.8933646 1.0849144 0.9401999 1.0672393 0.9625708 1.0552492 1.2184530 0.9138333 1.1574901 1.5503330 1.0339007 0.8636779 1.2612379 1.5348002 0.9724912 1.3584265 0.7229465 1.2076298 1.2512452 1.2227753 1.2863879 1.1995484 1.6278809 1.2267779 1.3273410 1.8668284 0.8826653 1.2841541 1.2287118 1.2166708 1.2647213 1.0407050 0.9014083 1.2875570 0.7319621 1.3636974 1.1736576 1.3024519 1.1846172 1.2208239 1.2758561 1.3469264 1.2601028 0.9202625 0.8823996 1.1983154 0.7147202 0.9452672 0.8673727 
GCA_000025665.1_ASM2566v1_genomic_prot.fas                                0.7584223 1.1334984 1.2630539 0.9725603 0.7600695 0.0000000 0.8830631 1.1915511 0.8185704 1.0699255 1.2823519 1.2381991 0.6702948 1.2344888 1.3070702 0.8477244 1.0938553 1.2901741 0.8705798 0.8896471 0.9075650 1.5212057 1.3814526 0.9578376 1.1118398 1.2708945 0.7928877 1.1540970 0.9711310 0.8516119 1.1187047 1.3990966 1.3671333 1.3798538 0.9201414 1.1516948 1.3063603 1.2851672 0.9852166 1.2566750 1.2092319 1.0955526 1.3017056 0.8339659 0.7833435 1.5080712 1.0270065 1.0695103 0.9881667 1.1791124 0.9916059 1.1529835 0.8678299 0.9058758 1.3090337 0.7088952 1.0000573 1.5751598 0.8989399 0.9036360 1.2727093 1.5799844 0.8435137 1.4414387 0.8727831 1.2214825 1.3006729 1.2605447 1.2966264 1.2654380 1.6915296 1.2587539 1.3624208 1.8644830 0.7054903 1.3440515 1.2067358 1.2564461 1.3297979 1.0919511 0.7857117 1.2717652 0.7966685 1.4033616 1.2525494 1.3320173 1.2382226 1.2096010 1.3782154 1.3783441 1.3114947 0.7377172 0.9565286 1.2627607 0.8870192 0.8448698 0.6900406 
GCA_000063445.1_ASM6344v1_genomic_prot.fas                                1.0972027 1.2566595 1.3733228 0.7183831 0.7370272 0.8830631 0.0000000 1.3094135 0.9048495 0.8227926 1.4048592 1.2996942 0.8543512 1.3784924 1.3797770 0.6704366 1.1926254 1.3177395 0.6086454 0.6172186 0.9350430 1.6829517 1.3667424 0.9688349 1.2144493 1.3117821 0.9761619 1.1816893 1.0312442 0.6715916 1.1624074 1.4730593 1.4127020 1.4774828 0.8361469 1.1813511 1.3535332 1.3200429 1.0123652 1.2646360 1.2016757 1.1532653 1.4111263 0.8666639 0.6526742 1.5140166 1.0958535 1.1165477 1.0485367 1.2918818 1.0782638 1.1632922 1.0259858 1.1072972 1.4315455 0.9280785 1.1767779 1.7080220 1.1000325 0.9385209 1.3737867 1.6450374 1.0084905 1.5639210 0.6287561 1.2897576 1.3635928 1.3211698 1.3645989 1.3122843 1.8034229 1.3028707 1.4960608 2.0306410 0.9252502 1.4004063 1.3113258 1.3186198 1.3081519 1.1203336 0.9444030 1.3874973 0.8967215 1.4875979 1.2648477 1.4490731 1.2335317 1.2573988 1.3579765 1.4995613 1.3664096 0.9390477 1.0168498 1.2872042 0.7411063 1.0304864 0.8806113 
GCA_000145985.1_ASM14598v1_genomic_prot.fas                               1.4336963 0.8065090 1.2532150 1.4031234 1.0934685 1.1915511 1.3094135 0.0000000 1.1342228 1.4952650 1.1103539 1.2407586 1.3284394 1.1552050 1.6414206 1.2481595 1.0266717 1.5973427 1.3491811 1.2868561 1.1186584 1.5873750 1.6880040 1.2932967 1.0928397 1.5534677 1.3849640 1.1665414 1.3222293 1.3271735 1.1460219 1.6376744 1.6209865 1.6765821 1.3333611 1.1933598 1.4192585 1.3663887 1.1098384 1.4045325 1.3033705 1.1233846 1.2882291 1.1259963 1.1501630 1.8677763 1.3890502 0.7369855 0.9896111 1.2261208 1.0432855 1.4907578 1.3781866 1.4427540 1.2367511 1.4102666 1.6273678 1.8401268 1.4841939 1.2236166 1.5967513 1.8950012 1.4094622 1.3350349 1.3069692 1.5668292 1.5883020 1.5769795 1.5908073 1.5238250 2.0278824 1.5791101 1.6605055 2.1947958 1.4129533 1.6613576 1.5264922 1.5831085 1.5909354 1.2311724 1.3978552 1.5758538 1.0268377 1.4181779 1.5179306 1.6650536 1.5589372 1.6462081 1.7163665 1.6526406 1.6193529 1.4035360 1.1750777 1.3970135 1.2630703 1.3801921 1.3806892 
GCA_000214415.1_ASM21441v1_genomic_prot.fas                               1.0951063 1.1031521 1.2460631 0.9777351 0.7832691 0.8185704 0.9048495 1.1342228 0.0000000 1.0971383 1.2313591 1.1783466 0.9652052 1.1764181 1.2738349 0.8978846 1.0369713 1.2189332 0.8993819 0.9038888 0.8518950 1.4366243 1.2941906 0.9047824 1.0572669 1.2035648 0.9611028 1.1444090 0.9280058 0.8936907 1.0958384 1.3508977 1.2945359 1.3718991 0.9420593 1.1289202 1.2562341 1.1898987 0.9486866 1.1866221 1.1543098 1.0584866 1.2933184 0.7581082 0.8226669 1.4842911 0.9654185 0.9970156 0.9174609 1.1426254 0.9436531 1.0929708 1.0454675 1.1194833 1.2871341 1.0118470 1.2568323 1.5564478 1.1839147 0.7684081 1.2321207 1.5279478 1.0653191 1.4203796 0.9194594 1.1797527 1.2862003 1.2033910 1.2719085 1.2047204 1.5981032 1.2174460 1.3279840 1.8249012 0.9479931 1.2829487 1.1347663 1.1578655 1.2297604 1.0583133 0.9977278 1.2001008 0.7128042 1.4103570 1.1734952 1.3259649 1.2079228 1.2075383 1.3041648 1.3200631 1.2465595 1.0321661 0.8515874 1.2367759 0.9302240 1.0168195 0.9814534 
GCA_000230735.3_ASM23073v3_genomic_prot.fas                               1.3092885 1.4897676 1.5118660 0.9157733 0.9204206 1.0699255 0.8227926 1.4952650 1.0971383 0.0000000 1.5547663 1.4301430 1.0632081 1.5736954 1.6017710 0.8561755 1.4200148 1.5337286 0.8322969 0.8261699 1.1105482 1.9682048 1.3503010 1.1952169 1.3824316 1.5639447 1.2141130 1.3834736 1.2365926 0.8703254 1.3646667 1.6381215 1.5790128 1.6694285 0.8913296 1.3673662 1.5501815 1.5156233 1.2344498 1.4801020 1.4494019 1.3210718 1.5933038 1.0279885 0.8631688 1.8958802 1.2763978 1.3281632 1.2252036 1.4419694 1.2706440 1.3077799 1.2147091 1.3234798 1.5672731 1.1367181 1.3468373 1.9681914 1.2473862 1.0986937 1.5601161 1.8576393 1.1656344 1.6968145 0.8392782 1.4558757 1.5906389 1.5557572 1.5391729 1.4645600 1.9902940 1.5362931 1.6910653 2.3093572 1.1812118 1.6475995 1.5207696 1.5586747 1.5067713 1.3094814 1.1769883 1.6097374 1.0464312 1.6933156 1.4139392 1.7243991 1.5343711 1.5651645 1.5940529 1.6565889 1.5666649 1.0905668 1.1069649 1.4529667 0.9549774 1.1752736 1.0681509 
GCA_000247545.1_ASM24754v1_genomic_prot.fas                               1.5432264 1.1344890 1.3578816 1.5373727 1.1921977 1.2823519 1.4048592 1.1103539 1.2313591 1.5547663 0.0000000 1.2875470 1.4442680 1.2505266 1.7838480 1.3334800 0.9496924 1.7185835 1.4496575 1.4004954 1.2345263 1.6614530 1.7995104 1.4570647 1.2088323 1.6994738 1.5246021 1.2446094 1.3966768 1.4217882 1.2580296 1.7949230 1.6585986 1.8185156 1.4785438 1.2635387 1.5570861 1.5248829 1.2055450 1.5626003 1.5071171 1.2055213 1.3815764 1.2510056 1.2546929 2.0558152 1.4924439 1.0589648 1.0781555 1.2801307 1.1449422 1.5221485 1.4792050 1.5136357 1.2801691 1.5132243 1.6879965 1.9552294 1.5677135 1.3843873 1.7488389 2.0566887 1.5224966 1.4619871 1.3995838 1.6699132 1.7472686 1.6940435 1.7284731 1.6210688 2.1651785 1.6835846 1.8426525 2.4571569 1.5029190 1.7625985 1.6763086 1.7391316 1.7246489 1.3065039 1.4650635 1.7573122 1.1137594 1.5102874 1.6617394 1.7539632 1.6239056 1.7467314 1.8271756 1.8282769 1.7224286 1.4510663 1.2280242 1.4764194 1.3218734 1.4506300 1.4306575 
GCA_000270325.1_ASM27032v1_genomic_prot.fas                               1.4437166 1.1965888 1.3132336 1.3441698 1.1220006 1.2381991 1.2996942 1.2407586 1.1783466 1.4301430 1.2875470 0.0000000 1.3038237 1.2605868 1.7524362 1.2329749 1.1514644 1.6653064 1.3240757 1.2842199 1.1668045 1.7579360 1.6791741 1.3161711 0.9747999 1.6529798 1.4127231 1.2155414 1.2992786 1.2949937 1.0206003 1.6135590 1.5691536 1.6473445 1.3459817 1.1471976 1.4365905 1.3876127 1.1042648 1.4202497 1.3661777 1.0123470 1.2307291 1.1444044 1.1789928 1.9830795 1.3931302 1.1067326 0.8907439 1.0851920 0.9586120 1.4550745 1.3803732 1.4204836 1.2386772 1.3966946 1.6004852 1.8662368 1.4495188 1.3016047 1.6271789 1.9053584 1.4424424 1.4205671 1.3272674 1.6061808 1.6655326 1.6458807 1.6436175 1.5920032 2.0310661 1.6320925 1.7709517 2.2614908 1.3838789 1.6851214 1.5604907 1.6577258 1.6252556 1.2905926 1.4390920 1.6275236 1.1002355 1.3830909 1.5138826 1.7418672 1.5626190 1.6171979 1.6942227 1.7417972 1.6924628 1.3248247 1.2399179 1.2172967 1.2668598 1.4069481 1.3054370 
GCA_000308215.1_ASM30821v1_genomic_prot.fas                               0.9092669 1.2568655 1.3980311 0.9415485 0.8562896 0.6702948 0.8543512 1.3284394 0.9652052 1.0632081 1.4442680 1.3038237 0.0000000 1.3604338 1.4078087 0.8962952 1.2332512 1.3508747 0.8672917 0.9035091 0.9883974 1.6971907 1.4377869 1.0310520 1.1935654 1.3617771 0.7815485 1.2137409 1.0499165 0.8971428 1.1773227 1.5192602 1.3962911 1.5095415 0.9808887 1.1918196 1.4079953 1.3784900 1.0850040 1.3161345 1.2761636 1.1734746 1.4658908 0.9021213 0.8441001 1.7131038 1.1363473 1.1749694 1.0779683 1.3045066 1.1174026 1.2033046 0.8863872 0.9594811 1.4254266 0.5889190 1.0201499 1.7578882 0.8808921 0.9927215 1.3955007 1.6326981 0.8365499 1.5626897 0.8917220 1.3000100 1.4056115 1.3245537 1.3781272 1.3227825 1.8306920 1.3225317 1.5118137 2.1012037 0.7068256 1.4408461 1.3500870 1.3551334 1.3938597 1.1558063 0.7729785 1.4260884 0.9128088 1.5331228 1.3241124 1.4699619 1.3277948 1.3041541 1.4229459 1.5531009 1.4008331 0.5881638 1.0796144 1.3521304 0.9583709 0.9069784 0.5149658 
GCA_000398765.1_ASM39876v1_genomic_prot.fas                               1.4224950 1.0876225 1.3390061 1.4888241 1.1565718 1.2344888 1.3784924 1.1552050 1.1764181 1.5736954 1.2505266 1.2605868 1.3604338 0.0000000 1.6908681 1.3356222 1.0617474 1.6628499 1.4414070 1.4168518 1.2262052 1.5574476 1.7058264 1.3306175 1.1870701 1.5909480 1.4228904 1.1788203 1.3217374 1.3586592 1.1748912 1.6990210 1.6762160 1.7207774 1.3937510 1.2410184 1.4293177 1.3971189 1.0982423 1.5027607 1.4221097 1.1395770 1.2462051 1.1994278 1.2085123 1.7836284 1.4022213 1.0041881 1.0854913 1.2635544 1.0761625 1.4969078 1.4358493 1.5283951 1.2256790 1.5015538 1.7119763 1.7711282 1.6498212 1.2767131 1.5559800 1.8873690 1.5306887 1.4063152 1.3867847 1.5719786 1.6662205 1.6294933 1.6954337 1.6412696 2.0705217 1.6704238 1.6793792 2.1334279 1.4907177 1.7153646 1.4686446 1.5646531 1.5859902 1.2800167 1.3852107 1.5766971 1.1180457 1.4337485 1.5261718 1.6673741 1.5993648 1.6199277 1.7829782 1.7282619 1.6854262 1.4402277 1.2944571 1.4350581 1.3272298 1.3554644 1.4049293 
GCA_000402515.1_ASM40251v1_genomic_prot.fas                               1.6123782 1.5685564 1.6638577 1.5324080 1.2553690 1.3070702 1.3797770 1.6414206 1.2738349 1.6017710 1.7838480 1.7524362 1.4078087 1.6908681 0.0000000 1.3953195 1.4948150 0.8940286 1.3800678 1.4067239 1.3029331 1.6444411 1.5675151 1.2863086 1.5030235 0.8310212 1.4824465 1.6018667 1.3086816 1.4186617 1.5199417 1.8471334 1.6883876 1.7584239 1.4516659 1.6227044 1.8035339 1.7289395 1.4419214 1.7219276 1.6187077 1.4996780 1.8318286 1.2092692 1.3336812 1.6498602 1.3613159 1.6492284 1.4108080 1.6045228 1.4184098 1.4069105 1.4898980 1.5043802 1.8322233 1.3827612 1.8165243 1.6719055 1.7387557 1.2682426 1.0458336 1.3709232 1.5585441 1.9392797 1.3938896 0.9107040 0.9292625 0.8253589 1.2604822 0.9230262 1.8837820 0.9589150 1.2409956 1.9232402 1.3667876 1.4634839 1.6160351 0.8338479 0.9214426 1.5467383 1.5296449 1.6237247 1.1377401 1.9167843 1.5132509 1.1827108 1.3538836 0.8619123 0.9097357 1.1353193 0.8942273 1.6073301 1.3172767 1.6550374 1.3441146 1.4622300 1.5097347 
GCA_000711905.1_ASM71190v1_genomic_prot.fas                               1.0848063 1.2319064 1.3107793 0.7691064 0.6786312 0.8477244 0.6704366 1.2481595 0.8978846 0.8561755 1.3334800 1.2329749 0.8962952 1.3356222 1.3953195 0.0000000 1.1303491 1.3502185 0.5804640 0.5973101 0.8848193 1.7089522 1.3924965 0.9978780 1.1059530 1.3326073 0.9891280 1.1910226 1.0180141 0.6505493 1.1523572 1.4428166 1.3404782 1.4567838 0.8214898 1.1801269 1.3355479 1.2860480 1.0321717 1.2969913 1.2122330 1.0916384 1.3889952 0.8542532 0.6151722 1.6666028 1.0653037 1.1113134 0.9767114 1.2186280 1.0124794 1.1453625 0.9713508 1.0727321 1.3270003 0.9232308 1.1556703 1.7226494 1.0651896 0.9210846 1.3740179 1.6799409 1.0063250 1.4236844 0.6625066 1.2937873 1.3556382 1.3237254 1.3614138 1.2650665 1.7964868 1.3431130 1.5023709 2.0729577 0.9486161 1.4348671 1.3744298 1.3589567 1.3405768 1.0842138 0.9774413 1.4085923 0.8557195 1.4890347 1.2333809 1.4600670 1.3127876 1.3072277 1.4035147 1.4260509 1.3922476 0.9542793 0.9440129 1.2912390 0.7469272 0.9921753 0.9008542 
GCA_000813245.1_ASM81324v1_genomic_prot.fas                               1.3121970 0.9743053 1.1558823 1.2996521 1.0274902 1.0938553 1.1926254 1.0266717 1.0369713 1.4200148 0.9496924 1.1514644 1.2332512 1.0617474 1.4948150 1.1303491 0.0000000 1.4437491 1.2204645 1.1927572 1.0431273 1.5555989 1.5241158 1.2096028 1.0102268 1.4436623 1.3178425 1.0104769 1.2613792 1.2143835 1.0640027 1.5533358 1.4438486 1.6049786 1.2183001 1.1034011 1.3352754 1.2566068 0.9935844 1.2849081 1.2132807 1.0369555 1.2428275 1.0423519 1.0797293 1.7208167 1.2760641 0.9217033 0.9035667 1.1248262 0.9387897 1.3657551 1.2768379 1.3493707 1.1634800 1.2791621 1.4976107 1.7459334 1.3817531 1.1708731 1.5098408 1.7293306 1.3149828 1.3027680 1.2270149 1.4054794 1.4279439 1.4546379 1.5031969 1.3453853 1.8917566 1.4632603 1.5809816 2.1275063 1.2480651 1.5605580 1.4543307 1.3952335 1.4794760 1.1351456 1.3083753 1.4763220 0.9407113 1.3259160 1.4745563 1.5759944 1.4264789 1.3940182 1.4864598 1.5233927 1.4638229 1.2715194 1.0907881 1.2614907 1.1491736 1.2605192 1.2427022 
GCA_000830295.1_ASM83029v1_genomic_prot.fas                               1.5315024 1.5374542 1.6582113 1.4136480 1.2157918 1.2901741 1.3177395 1.5973427 1.2189332 1.5337286 1.7185835 1.6653064 1.3508747 1.6628499 0.8940286 1.3502185 1.4437491 0.0000000 1.3327903 1.3788121 1.2849877 1.5785053 1.5607418 1.2992971 1.4188123 0.6808639 1.4295938 1.5313091 1.2861945 1.3904212 1.4320162 1.7489906 1.6155127 1.7347820 1.3974673 1.5536609 1.6505294 1.6126752 1.3448156 1.7152474 1.5823382 1.4946627 1.7399759 1.1785310 1.2857174 1.7531624 1.3418348 1.4797543 1.3786732 1.5565202 1.3675306 1.3874745 1.4418350 1.4809587 1.7682620 1.3804539 1.6715383 1.6244630 1.5989551 1.2814176 0.8900065 1.2402621 1.4021308 1.8921841 1.3721194 0.6877152 0.7693081 0.6796289 1.2307897 0.7401566 1.7653774 0.7847793 1.1897185 2.0320758 1.3588540 1.4592064 1.5492899 0.6782060 0.7745388 1.5271267 1.4403432 1.5555517 1.1508411 1.7367339 1.4555907 1.1858827 1.3580360 0.6816976 0.8120011 1.1745572 0.7353019 1.4938230 1.3249630 1.6575993 1.2930748 1.4068204 1.4042548 
GCA_000970285.1_ASM97028v1_genomic_prot.fas                               1.1714613 1.2827353 1.3838214 0.7323998 0.7054886 0.8705798 0.6086454 1.3491811 0.8993819 0.8322969 1.4496575 1.3240757 0.8672917 1.4414070 1.3800678 0.5804640 1.2204645 1.3327903 0.0000000 0.5510586 0.9636319 1.7258316 1.3971936 1.0070314 1.1824784 1.3146476 0.9536783 1.2110579 1.0681815 0.6438307 1.1722123 1.4723432 1.4218884 1.5422371 0.8210575 1.2087309 1.3746742 1.3034382 1.0615254 1.3059014 1.2512941 1.1479949 1.4514396 0.8619386 0.6565324 1.5869819 1.1017948 1.1986945 1.0645992 1.3241731 1.1002939 1.1622293 1.0374195 1.0898861 1.3932523 0.9416368 1.1928841 1.7259040 1.1480869 0.9381026 1.3651431 1.5942755 0.9962293 1.6027319 0.6501473 1.2824662 1.3538884 1.3033738 1.3972987 1.2677539 1.8406166 1.3163759 1.5077772 2.0283444 0.8939255 1.4622605 1.3562999 1.3029617 1.3447776 1.1252789 0.9823368 1.4109011 0.9164429 1.4995527 1.2707635 1.5118226 1.3104632 1.2687813 1.3807587 1.4768424 1.3546676 0.9620872 1.0335734 1.2988188 0.7428669 1.0071472 0.8900656 
GCA_001509375.1_ASM150937v1_genomic_prot.fas                              1.1289072 1.2937851 1.4084768 0.7598146 0.7085265 0.8896471 0.6172186 1.2868561 0.9038888 0.8261699 1.4004954 1.2842199 0.9035091 1.4168518 1.4067239 0.5973101 1.1927572 1.3788121 0.5510586 0.0000000 0.9271698 1.7317573 1.3791938 0.9807871 1.1823145 1.3363539 1.0054213 1.1803224 1.0350128 0.6060990 1.1958082 1.5040257 1.4409862 1.5116081 0.8097283 1.2096227 1.3543632 1.3051369 1.0075171 1.2875849 1.2643209 1.1486851 1.4749923 0.8428200 0.6300469 1.6807098 1.0752721 1.1466984 1.0175428 1.2772225 1.0810607 1.1770354 1.0238706 1.1008922 1.4374004 0.9418774 1.1943230 1.7573299 1.1014571 0.8845198 1.3977815 1.6993135 1.0283037 1.5174065 0.6178108 1.2788987 1.3780986 1.3367696 1.3981116 1.2832871 1.8400750 1.3632316 1.5219128 2.0517822 0.9488153 1.4523084 1.3347193 1.3626054 1.3567359 1.1120757 0.9765421 1.4159917 0.8709373 1.5568942 1.2991600 1.4816188 1.3021108 1.3062141 1.4031832 1.4556690 1.3798015 0.9597845 0.9661374 1.2905485 0.7043144 1.0123027 0.8970815 
GCA_001515205.2_ASM151520v2_genomic_prot.fas                              1.1738163 1.1145506 1.2007150 1.0545174 0.8443887 0.9075650 0.9350430 1.1186584 0.8518950 1.1105482 1.2345263 1.1668045 0.9883974 1.2262052 1.3029331 0.8848193 1.0431273 1.2849877 0.9636319 0.9271698 0.0000000 1.6148940 1.3612593 0.9269944 1.0124467 1.2615065 1.0190347 1.0600025 0.9881492 0.9461562 1.0285234 1.4232341 1.3097557 1.4443287 1.0099766 1.0437806 1.2338362 1.1631200 0.8875731 1.1859056 1.1343384 0.9615991 1.2942218 0.7926283 0.8905210 1.5905734 1.0396570 1.0155439 0.8825228 1.0960129 0.9180965 1.1093683 1.0623209 1.1382491 1.2611465 1.0234779 1.2522095 1.6429764 1.1813151 0.8695604 1.3090386 1.6110320 1.0597916 1.3270314 0.9336621 1.2123552 1.2694473 1.2215791 1.3248309 1.2216356 1.7363442 1.2141836 1.3497308 1.9544160 1.0027487 1.3159706 1.2793578 1.2517335 1.2811432 0.9825811 1.0408977 1.3383818 0.7610544 1.3280859 1.1775148 1.3730307 1.2029551 1.2906609 1.3080428 1.3901013 1.2970617 1.0206090 0.8884876 1.2128921 0.9606085 1.0438509 0.9935342 
GCA_001552015.1_ASM155201v1_genomic_prot.fas                              1.7961714 1.4809055 1.6693788 1.8415624 1.4255231 1.5212057 1.6829517 1.5873750 1.4366243 1.9682048 1.6614530 1.7579360 1.6971907 1.5574476 1.6444411 1.7089522 1.5555989 1.5785053 1.7258316 1.7317573 1.6148940 0.0000000 1.8049441 1.6377567 1.6542013 1.5793323 1.7579282 1.7738651 1.6518135 1.7178033 1.7158347 1.8403130 1.8696292 1.8857620 1.6749821 1.7414177 1.9251616 1.8340866 1.5638204 1.9489087 1.7420330 1.7345797 1.7786282 1.4880392 1.5934418 2.0156959 1.7011288 1.5843159 1.5283462 1.6836152 1.5757164 1.7384477 1.7816214 1.6850035 1.8275012 1.7656320 2.0730215 1.7646224 1.9924297 1.5884540 1.5749412 1.7898603 1.8089693 1.9602626 1.7580598 1.5998300 1.5989429 1.5652046 1.6719976 1.5947192 2.0721341 1.5044143 1.7040511 2.0993105 1.7185029 1.7841806 1.7381540 1.5563487 1.6316981 1.7974314 1.8550108 1.7970214 1.3115825 1.9367975 1.8045735 1.5941767 1.7076730 1.5137128 1.6875526 1.6449597 1.6104507 1.8355584 1.5336601 2.1721475 1.5787989 1.6995829 1.8070478 
GCA_001563875.1_ASM156387v1_genomic_prot.fas                              1.6540710 1.6626247 1.6517651 1.4818237 1.3022423 1.3814526 1.3667424 1.6880040 1.2941906 1.3503010 1.7995104 1.6791741 1.4377869 1.7058264 1.5675151 1.3924965 1.5241158 1.5607418 1.3971936 1.3791938 1.3612593 1.8049441 0.0000000 1.3536743 1.5786389 1.5169787 1.5212132 1.5967526 1.3624797 1.3951736 1.6073518 1.8322380 1.6632148 1.8393302 1.2853619 1.6481469 1.7623466 1.7559033 1.4779665 1.7647741 1.6459677 1.5959080 1.7465554 1.2804484 1.3359419 1.7194815 1.3916753 1.5729024 1.4727215 1.6331208 1.4837547 1.3519994 1.5204854 1.5146565 1.7909561 1.4923288 1.7023738 1.8453472 1.6336034 1.3341931 1.5965250 1.7975920 1.4463192 1.8716516 1.3993822 1.4581532 1.5914014 1.5151631 1.5887069 1.5458472 2.0204977 1.5075432 1.6144858 2.1550503 1.4965334 1.5203145 1.5979365 1.5413846 1.5450915 1.5677880 1.4975034 1.7123213 1.2341210 1.9338247 1.5272369 1.6680318 1.3499862 1.5119876 1.6188171 1.6762979 1.5929218 1.4795411 1.3108369 1.7265537 1.3918493 1.4843330 1.4660308 
GCA_001587575.1_ASM158757v1_genomic_prot.fas                              1.2178044 1.2615962 1.3791264 1.0770752 0.9250403 0.9578376 0.9688349 1.2932967 0.9047824 1.1952169 1.4570647 1.3161711 1.0310520 1.3306175 1.2863086 0.9978780 1.2096028 1.2992971 1.0070314 0.9807871 0.9269944 1.6377567 1.3536743 0.0000000 1.1923939 1.2420747 1.0634141 1.1846695 0.9848719 1.0000067 1.1349723 1.4160315 1.3873832 1.4659742 1.0475523 1.2295936 1.3177974 1.2616194 1.0004798 1.2839011 1.1749241 1.1231648 1.4020709 0.8433437 0.9393319 1.5346412 1.0244063 1.1801500 1.0375711 1.2630431 1.0725707 1.1505980 1.1228242 1.2169927 1.4744759 1.0419836 1.3425482 1.6318990 1.2712203 0.9038708 1.3196741 1.6410203 1.1508536 1.5996383 0.9828535 1.2635699 1.3180143 1.2319689 1.3579280 1.2870348 1.7624783 1.2984743 1.3825153 1.9895647 1.0324451 1.3634241 1.2442027 1.2593748 1.2677667 1.1374967 1.0908575 1.2990173 0.7937994 1.5128776 1.2222334 1.3929897 1.2603511 1.2865045 1.3559756 1.4723892 1.3407094 1.1071922 1.0350099 1.3163524 0.9887936 1.0978065 1.0194496 
GCA_001593865.1_ASM159386v1_genomic_prot.fas                              1.3645191 1.0879363 1.2273708 1.2493879 1.0284990 1.1118398 1.2144493 1.0928397 1.0572669 1.3824316 1.2088323 0.9747999 1.1935654 1.1870701 1.5030235 1.1059530 1.0102268 1.4188123 1.1824784 1.1823145 1.0124467 1.6542013 1.5786389 1.1923939 0.0000000 1.4530451 1.2954599 1.0620895 1.2046588 1.2098844 0.8273593 1.6457857 1.5321801 1.7196954 1.2373726 0.9202028 1.2799921 1.2078179 0.9772152 1.3125965 1.2091223 0.8049845 1.1721651 1.0183952 1.0149977 1.9798114 1.2518091 0.9343214 0.6538685 0.9409415 0.7145596 1.3419325 1.2700905 1.3096683 1.0876340 1.2095945 1.5585200 1.8227770 1.3802653 1.1228028 1.4169370 1.8598037 1.3133695 1.3141733 1.1586429 1.4790350 1.5054058 1.4675823 1.4934942 1.3723447 1.9097578 1.4426513 1.5832384 2.0873546 1.2435218 1.5247093 1.5290099 1.4062969 1.4837880 1.0646452 1.2439184 1.5624609 0.9362074 1.2075544 1.4505769 1.6189299 1.4459538 1.4031334 1.5696866 1.6233627 1.4912488 1.2561406 1.0904171 1.0038231 1.1396610 1.2752157 1.2073170 
GCA_001595785.1_ASM159578v1_genomic_prot.fas                              1.5504977 1.5232790 1.6524991 1.4282255 1.2268351 1.2708945 1.3117821 1.5534677 1.2035648 1.5639447 1.6994738 1.6529798 1.3617771 1.5909480 0.8310212 1.3326073 1.4436623 0.6808639 1.3146476 1.3363539 1.2615065 1.5793323 1.5169787 1.2420747 1.4530451 0.0000000 1.3827083 1.5172188 1.2424815 1.3584065 1.4666987 1.7045837 1.6107736 1.7557380 1.3494348 1.5487562 1.6406892 1.5801951 1.3347941 1.6535705 1.5340357 1.4742386 1.6989030 1.1791904 1.2638557 1.7562761 1.3288038 1.4548658 1.3496164 1.5581187 1.3515578 1.3250605 1.4157191 1.5103360 1.7294490 1.3808473 1.7186292 1.6145613 1.6769077 1.2521908 0.8626464 1.2984499 1.4386049 1.9110330 1.3601133 0.6873121 0.7661383 0.6601756 1.2500387 0.7263958 1.7570293 0.7525879 1.1980753 2.0229872 1.3480419 1.4501618 1.5019621 0.6712008 0.7457196 1.4905337 1.4059698 1.5328822 1.1317491 1.7766165 1.3844712 1.1710160 1.3120794 0.6988251 0.7819659 1.1423620 0.7174400 1.4890337 1.2930568 1.6549131 1.3079253 1.4082761 1.4230913 
GCA_001595945.1_ASM159594v1_genomic_prot.fas                              1.1202200 1.3546094 1.4808446 1.0826111 0.9626247 0.7928877 0.9761619 1.3849640 0.9611028 1.2141130 1.5246021 1.4127231 0.7815485 1.4228904 1.4824465 0.9891280 1.3178425 1.4295938 0.9536783 1.0054213 1.0190347 1.7579282 1.5212132 1.0634141 1.2954599 1.3827083 0.0000000 1.2767102 1.0746414 0.9628364 1.2756663 1.5992169 1.4729136 1.6163570 1.0304325 1.2981211 1.4404922 1.4028671 1.1142598 1.3233613 1.3452457 1.2427599 1.4837074 0.9264609 0.9521405 1.7349517 1.1439380 1.2538342 1.1523826 1.3546323 1.1453389 1.2360738 1.0046266 1.0261762 1.5381454 0.8211548 1.1510107 1.7650080 1.0768522 0.9995576 1.4460285 1.7595465 0.9217804 1.6411388 0.9941968 1.3254131 1.4212507 1.3988772 1.4842766 1.3917062 1.8994882 1.3825001 1.5444596 1.9960499 0.7325074 1.4910066 1.3585601 1.3606247 1.4490426 1.1561153 0.7907641 1.4834547 0.9526199 1.5705491 1.3641676 1.5619638 1.4033437 1.3088925 1.4816721 1.5526922 1.4688659 0.7910662 1.0807220 1.4057781 1.0294153 0.7999000 0.7571923 
GCA_001717035.1_ASM171703v1_genomic_prot.fas                              1.4057068 1.0923372 1.2981666 1.2853958 1.1218309 1.1540970 1.1816893 1.1665414 1.1444090 1.3834736 1.2446094 1.2155414 1.2137409 1.1788203 1.6018667 1.1910226 1.0104769 1.5313091 1.2110579 1.1803224 1.0600025 1.7738651 1.5967526 1.1846695 1.0620895 1.5172188 1.2767102 0.0000000 1.2304076 1.1999817 0.9749526 1.6179813 1.5229311 1.6394225 1.2890790 1.0776693 1.3322113 1.2106545 0.9770559 1.2843644 1.2001050 1.0140651 1.3720515 1.0630102 1.1299973 1.8794078 1.2593132 0.9865515 0.9674010 1.2193405 0.9677378 1.3912779 1.2820195 1.3347640 1.3024628 1.2637477 1.5257166 1.8930768 1.3616492 1.1337383 1.6005324 1.7813363 1.3480076 1.3341567 1.1984186 1.4776715 1.5319737 1.5067188 1.5938164 1.4757241 2.0147595 1.4763262 1.6586232 2.3443436 1.2697769 1.5771190 1.5171212 1.5390986 1.5332598 1.0736752 1.2730529 1.5510132 1.0281355 1.3658119 1.4367489 1.5914847 1.4539977 1.5033040 1.6259799 1.6505842 1.5690857 1.2470893 1.1630058 1.2028797 1.2114376 1.2276666 1.1737883 
GCA_001723855.1_ASM172385v1_genomic_prot.fas                              1.2133490 1.2882503 1.4341626 1.1198633 0.9471823 0.9711310 1.0312442 1.3222293 0.9280058 1.2365926 1.3966768 1.2992786 1.0499165 1.3217374 1.3086816 1.0180141 1.2613792 1.2861945 1.0681815 1.0350128 0.9881492 1.6518135 1.3624797 0.9848719 1.2046588 1.2424815 1.0746414 1.2304076 0.0000000 1.0173552 1.2581851 1.3585283 1.2903642 1.4134116 1.0593704 1.2126145 1.3698893 1.3521668 1.0747893 1.2892043 1.2629263 1.1839521 1.4115553 0.8919578 1.0053484 1.4633482 0.6311693 1.1315879 1.1086150 1.3300730 1.1455412 1.1316177 1.1161746 1.0827514 1.4666829 1.0726100 1.2912277 1.5562988 1.2295454 0.9806728 1.3644675 1.6012410 1.1226411 1.5470624 1.0464563 1.2006282 1.2671402 1.2204282 1.3575032 1.2497894 1.6581441 1.2614952 1.3626966 1.8148644 1.0494927 1.3190743 0.8520660 1.2244612 1.3040132 1.1892780 1.0918019 0.8777371 0.8964017 1.6093681 1.2322682 1.3991617 1.2277962 1.2381628 1.3214020 1.4302169 1.2837520 1.1152483 1.0965371 1.3974627 1.0236963 1.0565391 1.0598720 
GCA_001766815.1_ASM176681v1_genomic_prot.fas                              1.0857105 1.3070028 1.3851064 0.7868004 0.7062029 0.8516119 0.6715916 1.3271735 0.8936907 0.8703254 1.4217882 1.2949937 0.8971428 1.3586592 1.4186617 0.6505493 1.2143835 1.3904212 0.6438307 0.6060990 0.9461562 1.7178033 1.3951736 1.0000067 1.2098844 1.3584065 0.9628364 1.1999817 1.0173552 0.0000000 1.1831346 1.4290581 1.4281350 1.4921671 0.8113444 1.2242508 1.3671877 1.3189114 1.0276862 1.2564219 1.2284327 1.1239384 1.3978239 0.8563698 0.6383550 1.5988599 1.0868828 1.1731095 1.0545994 1.2647138 1.0786700 1.1749294 1.0283897 1.1312165 1.4525056 0.9348766 1.1386168 1.7366462 1.1074400 0.9278770 1.4527549 1.6939092 1.0274662 1.5490712 0.6767746 1.3058763 1.4024250 1.3692034 1.4060421 1.3437873 1.8318213 1.3506839 1.5019307 1.9905706 0.9121005 1.3992119 1.3070730 1.3489522 1.3856639 1.1298155 0.9783080 1.3735601 0.8947278 1.5294622 1.2618921 1.4470482 1.3190653 1.3239421 1.4788770 1.4714658 1.4250507 0.9536034 1.0084432 1.3826482 0.7029934 1.0054909 0.9060415 
GCA_001775995.1_ASM177599v1_genomic_prot.fas                              1.3555464 1.1164033 1.2203536 1.2202783 1.0645362 1.1187047 1.1624074 1.1460219 1.0958384 1.3646667 1.2580296 1.0206003 1.1773227 1.1748912 1.5199417 1.1523572 1.0640027 1.4320162 1.1722123 1.1958082 1.0285234 1.7158347 1.6073518 1.1349723 0.8273593 1.4666987 1.2756663 0.9749526 1.2581851 1.1831346 0.0000000 1.6279685 1.5817603 1.6621703 1.2335586 0.8322262 1.2476886 1.1799238 0.8988660 1.2262828 1.1392031 0.7509041 1.1467499 1.0228895 1.0672009 1.7317114 1.3209428 0.9560977 0.7559168 0.9846757 0.7064741 1.3841419 1.2370538 1.2615912 1.1256881 1.2160560 1.4986561 1.8191183 1.3743044 1.1005987 1.5587153 1.7360442 1.3030221 1.3870360 1.1854968 1.4446254 1.4625678 1.4090582 1.5598955 1.3647132 1.9904614 1.4881864 1.6387883 2.2052641 1.1964810 1.5158608 1.5007515 1.3781086 1.4723202 1.0350429 1.2285053 1.5562303 1.0103685 1.1740486 1.4520408 1.5616927 1.4340849 1.3836537 1.4769355 1.5921116 1.4618347 1.2624929 1.1968951 0.9316913 1.1558773 1.2536856 1.2038885 
GCA_001871535.1_ASM187153v1_genomic_prot.fas                              1.5398176 1.6151973 1.7805352 1.5651882 1.3337457 1.3990966 1.4730593 1.6376744 1.3508977 1.6381215 1.7949230 1.6135590 1.5192602 1.6990210 1.8471334 1.4428166 1.5533358 1.7489906 1.4723432 1.5040257 1.4232341 1.8403130 1.8322380 1.4160315 1.6457857 1.7045837 1.5992169 1.6179813 1.3585283 1.4290581 1.6279685 0.0000000 1.2781864 1.2640266 1.4726719 1.5917248 1.6938672 1.7256065 1.5247639 1.7817404 1.6074447 1.5939751 1.8701014 1.3546071 1.4198057 1.8810991 1.4850746 1.5155211 1.4767497 1.7301471 1.4691543 1.5495227 1.5659146 1.4997982 1.8086683 1.4928650 1.8239857 2.0410270 1.6253579 1.3731987 1.8017823 2.1739312 1.5465461 1.9996849 1.4744563 1.7005979 1.7278663 1.7248629 1.6418612 1.7465670 1.8677428 1.6650376 1.7717399 2.3198591 1.5812457 1.6376517 1.6180509 1.7793688 1.6958471 1.6129917 1.5533456 1.6742244 1.2807877 1.8446276 1.4728289 1.7407449 1.5461800 1.6838888 1.8795409 1.7382654 1.7574126 1.6588769 1.5305164 1.9292101 1.4473454 1.4948026 1.5640719 
GCA_001871595.1_ASM187159v1_genomic_prot.fas                              1.5878194 1.5677633 1.6676701 1.5120682 1.2988889 1.3671333 1.4127020 1.6209865 1.2945359 1.5790128 1.6585986 1.5691536 1.3962911 1.6762160 1.6883876 1.3404782 1.4438486 1.6155127 1.4218884 1.4409862 1.3097557 1.8696292 1.6632148 1.3873832 1.5321801 1.6107736 1.4729136 1.5229311 1.2903642 1.4281350 1.5817603 1.2781864 0.0000000 1.3349560 1.4626739 1.5447654 1.6662677 1.6459137 1.4519566 1.6800091 1.5207166 1.4655265 1.7237395 1.2922708 1.3352542 1.8169043 1.3553733 1.4553286 1.4614064 1.5648567 1.4701584 1.4446995 1.4731734 1.4380610 1.6783686 1.5193821 1.7140377 1.8323351 1.5107004 1.4178180 1.7506466 1.8905673 1.4522539 1.8784339 1.4056610 1.5613634 1.6409101 1.6107791 1.6153994 1.6168317 1.8576321 1.5593921 1.7579908 2.2109809 1.4973541 1.6368708 1.5547206 1.6589340 1.6010185 1.5125180 1.4618944 1.6548555 1.2335195 1.8076388 1.2520352 1.6495073 1.5112741 1.5275424 1.7289867 1.6980866 1.6788488 1.4811924 1.4155747 1.6587026 1.4417845 1.4256905 1.4694792 
GCA_001896515.1_ASM189651v1_genomic_prot.fas                              1.5126611 1.6012846 1.7617596 1.6132243 1.3493200 1.3798538 1.4774828 1.6765821 1.3718991 1.6694285 1.8185156 1.6473445 1.5095415 1.7207774 1.7584239 1.4567838 1.6049786 1.7347820 1.5422371 1.5116081 1.4443287 1.8857620 1.8393302 1.4659742 1.7196954 1.7557380 1.6163570 1.6394225 1.4134116 1.4921671 1.6621703 1.2640266 1.3349560 0.0000000 1.5495733 1.6214122 1.8752863 1.8923900 1.4768496 1.8147337 1.7103849 1.5619724 1.8387302 1.3982128 1.4426485 1.7922656 1.4557795 1.6106456 1.6135624 1.7472110 1.5589536 1.5821584 1.5662363 1.6199388 1.7797488 1.6221909 1.9193226 1.8739591 1.6827748 1.4794922 1.8366150 1.9728503 1.5505851 1.8573863 1.4891903 1.7014761 1.8002687 1.7220812 1.7896101 1.7592816 1.9589583 1.6817409 1.8391455 2.3210653 1.5752641 1.6948241 1.5819160 1.7354138 1.7307932 1.6461784 1.5960111 1.7259085 1.2866573 1.9046745 1.4370052 1.7578253 1.6374216 1.6415648 1.8882552 1.7388017 1.7950044 1.5933751 1.4656182 1.8217858 1.4981720 1.5423179 1.5731133 
GCA_001914405.1_ASM191440v1_genomic_prot.fas                              1.1383135 1.2912877 1.4624986 0.9339186 0.8158590 0.9201414 0.8361469 1.3333611 0.9420593 0.8913296 1.4785438 1.3459817 0.9808887 1.3937510 1.4516659 0.8214898 1.2183001 1.3974673 0.8210575 0.8097283 1.0099766 1.6749821 1.2853619 1.0475523 1.2373726 1.3494348 1.0304325 1.2890790 1.0593704 0.8113444 1.2335586 1.4726719 1.4626739 1.5495733 0.0000000 1.2750797 1.3896891 1.4121740 1.0694127 1.3626395 1.2666411 1.2009773 1.4081950 0.9096923 0.7909062 1.6403913 1.0872335 1.1995944 1.0953744 1.3029284 1.1221678 1.2044485 1.1031611 1.1951836 1.4249792 1.0341074 1.2732247 1.7427361 1.2103816 0.9426884 1.4146747 1.6738409 1.0882060 1.5510820 0.8227441 1.3519743 1.4241926 1.3630828 1.4680615 1.3828716 1.8794921 1.3637860 1.4614622 2.0985205 0.9738167 1.4365766 1.3273308 1.3665225 1.3900447 1.1956466 1.0663847 1.3965523 0.9492848 1.5004195 1.3203961 1.4862368 1.3561451 1.3257397 1.5433007 1.5759709 1.4544072 1.0224794 1.0236834 1.3431110 0.8199618 1.0575235 1.0217318 
GCA_001918745.1_ASM191874v1_genomic_prot.fas                              1.3763350 1.1695035 1.3774311 1.2982913 1.1031517 1.1516948 1.1813511 1.1933598 1.1289202 1.3673662 1.2635387 1.1471976 1.1918196 1.2410184 1.6227044 1.1801269 1.1034011 1.5536609 1.2087309 1.2096227 1.0437806 1.7414177 1.6481469 1.2295936 0.9202028 1.5487562 1.2981211 1.0776693 1.2126145 1.2242508 0.8322262 1.5917248 1.5447654 1.6214122 1.2750797 0.0000000 1.2982389 1.3417904 1.0094770 1.3112927 1.2457988 0.8527964 1.3073922 1.0491202 1.0886396 1.8613540 1.3387611 1.0562705 0.9065320 1.0976862 0.7943280 1.3968518 1.3065460 1.3905731 1.1842104 1.3059045 1.5975160 1.8782286 1.4065620 1.1350438 1.5297589 1.8101419 1.3143597 1.3948413 1.1997337 1.4672737 1.5845666 1.5477616 1.5815692 1.5018203 2.0227325 1.5009323 1.7367376 2.3651071 1.3045806 1.5416078 1.4961310 1.4756038 1.5813351 1.0668612 1.2399105 1.6873189 1.0001594 1.2196284 1.4333341 1.6730734 1.4367459 1.5113450 1.7030413 1.6325404 1.6144457 1.2181274 1.1711691 1.0728525 1.2350099 1.2849888 1.2257636 
GCA_001940645.1_ASM194064v1_genomic_prot.fas                              1.5292058 1.3230572 1.5219094 1.4678184 1.2275937 1.3063603 1.3535332 1.4192585 1.2562341 1.5501815 1.5570861 1.4365905 1.4079953 1.4293177 1.8035339 1.3355479 1.3352754 1.6505294 1.3746742 1.3543632 1.2338362 1.9251616 1.7623466 1.3177974 1.2799921 1.6406892 1.4404922 1.3322113 1.3698893 1.3671877 1.2476886 1.6938672 1.6662677 1.8752863 1.3896891 1.2982389 0.0000000 1.3140499 1.1365442 1.2855771 1.1969268 1.2449998 1.5222599 1.2410700 1.2968288 1.8842061 1.4126228 1.2374884 1.1879325 1.3807496 1.1960890 1.4791593 1.4871213 1.4436815 1.5451725 1.4350807 1.6685671 2.0378050 1.5868280 1.2746654 1.7396963 1.9145779 1.4648148 1.7100492 1.3749427 1.6059457 1.6382101 1.6252909 1.7315809 1.6185272 2.1109145 1.6313372 1.7964212 2.2999864 1.4319708 1.6691204 1.6299811 1.5657363 1.6557669 1.2030494 1.4611165 1.6845426 1.1808011 1.5901345 1.5715516 1.7984016 1.6282973 1.6570436 1.7755759 1.7828374 1.7030701 1.4219510 1.3798466 1.4518741 1.3274015 1.3586781 1.3838524 
GCA_001940655.1_ASM194065v1_genomic_prot.fas                              1.5466078 1.2998606 1.5107306 1.3995994 1.2679821 1.2851672 1.3200429 1.3663887 1.1898987 1.5156233 1.5248829 1.3876127 1.3784900 1.3971189 1.7289395 1.2860480 1.2566068 1.6126752 1.3034382 1.3051369 1.1631200 1.8340866 1.7559033 1.2616194 1.2078179 1.5801951 1.4028671 1.2106545 1.3521668 1.3189114 1.1799238 1.7256065 1.6459137 1.8923900 1.4121740 1.3417904 1.3140499 0.0000000 0.9751451 1.3647211 1.3013821 1.1996321 1.4545439 1.2218944 1.2572623 2.0727880 1.4630960 1.2098549 1.0538978 1.3031095 1.0872503 1.5726983 1.4714533 1.4998431 1.4771483 1.3471965 1.6536265 2.0799143 1.6135782 1.2500184 1.6338110 1.9898916 1.4287169 1.5409746 1.3425195 1.6147301 1.6205274 1.5536750 1.6419655 1.5845899 2.0190697 1.5706135 1.7612773 2.1478435 1.3791505 1.7138900 1.6037264 1.5649119 1.5707774 1.0616349 1.4218445 1.6520216 1.1476093 1.4701324 1.6284323 1.7112410 1.5954544 1.4942813 1.6955973 1.7194690 1.6446219 1.4136654 1.3186367 1.4139893 1.3495375 1.4400148 1.4071091 
