97
GCA_000011185.1_ASM1118v1_genomic_prot.fas                                0.0000000 1.3370791 1.4825369 1.1568476 0.9722573 0.7487429 1.0833989 1.4140113 1.0813103 1.2942841 1.5242134 1.4255711 0.8983956 1.4030326 1.5906231 1.0707999 1.2964304 1.5139210 1.1566246 1.1148008 1.1595872 1.7729875 1.6361502 1.2023731 1.3467637 1.5313882 1.1056396 1.3891722 1.1979263 1.0713415 1.3373472 1.5197839 1.5703187 1.4933942 1.1245533 1.3585837 1.5096022 1.5275861 1.2435564 1.4819261 1.4429202 1.3294769 1.4913286 1.0692949 1.0247277 1.6812704 1.2700779 1.2865936 1.2227912 1.3919307 1.2538259 1.3940684 1.0612831 1.1061089 1.5030827 0.9486495 1.2469319 1.7168621 1.0559202 1.1736126 1.5269906 1.8015910 1.0589848 1.6285799 1.1219650 1.4372451 1.5585427 1.4981483 1.5390570 1.5524158 1.9418775 1.5103985 1.6890872 2.1199682 1.0147618 1.5428183 1.4197749 1.5052248 1.5592520 1.3257105 1.0598800 1.4793489 1.0512180 1.6254363 1.4282449 1.5938909 1.4340891 1.4677095 1.6239088 1.5588476 1.5395182 0.9614428 1.2333731 1.5111343 1.0825820 1.0464573 0.9355594 
GCA_000011205.1_ASM1120v1_genomic_prot.fas                                1.3370791 0.0000000 1.2191467 1.3312013 1.0559307 1.1188510 1.2419406 0.7959302 1.0898294 1.4750690 1.1212491 1.1822342 1.2427004 1.0726516 1.5486195 1.2170943 0.9621527 1.5203094 1.2673748 1.2787330 1.1017638 1.4605103 1.6459016 1.2457164 1.0730920 1.5050622 1.3372732 1.0799364 1.2727586 1.2906868 1.1018218 1.5931517 1.5511669 1.5806315 1.2770737 1.1559946 1.3063454 1.2831463 1.0305748 1.3495879 1.2609080 1.0874309 1.2515479 1.0846700 1.1571080 1.7316399 1.3118529 0.7346096 0.9612992 1.1565434 1.0034129 1.4065013 1.2969690 1.3595383 1.2219713 1.3502333 1.5619247 1.7077605 1.4476296 1.1823873 1.5367591 1.8237419 1.3606251 1.2656656 1.2786936 1.5112456 1.5087349 1.4826954 1.5452796 1.4955185 1.7888819 1.4797279 1.5949618 2.0400665 1.3154820 1.5550517 1.4391517 1.5086304 1.5216292 1.1827868 1.3383761 1.5040030 1.0131202 1.3853943 1.4171912 1.5689451 1.5307844 1.4669317 1.6288321 1.6025579 1.5643713 1.3294253 1.1762263 1.3357209 1.2303953 1.2880432 1.2480434 
GCA_000019605.1_ASM1960v1_genomic_prot.fas                                1.4825369 1.2191467 0.0000000 1.4740936 1.1819907 1.2465842 1.3569037 1.2365391 1.2318696 1.4960653 1.3428609 1.2969269 1.3823956 1.3218086 1.6415635 1.2952730 1.1424936 1.6397597 1.3682027 1.3925407 1.1863667 1.6479410 1.6348992 1.3621209 1.2115501 1.6314696 1.4612843 1.2828085 1.4151464 1.3675457 1.2052455 1.7593578 1.6482687 1.7414694 1.4463177 1.3610565 1.5029491 1.4930968 1.1731101 1.5458595 1.4094130 1.2071217 1.3608234 1.1880229 1.2560289 1.8249714 1.4257989 1.1514675 1.0972560 1.3074532 1.1070048 1.6160889 1.4359443 1.4879182 1.3544219 1.4499498 1.6800579 1.8667350 1.5489063 1.3225830 1.6236655 1.9636025 1.4993323 1.5088415 1.3660035 1.5802816 1.7114964 1.6377482 1.6695298 1.5782348 2.0168925 1.6322517 1.7674917 2.1329926 1.5011036 1.6916961 1.6044491 1.6411509 1.6665858 1.2981794 1.4511719 1.7203813 1.0727243 1.6118924 1.5699818 1.7099928 1.5658839 1.7043223 1.6795134 1.7285617 1.6764074 1.4356051 1.1804911 1.4428024 1.3116285 1.4104135 1.4160990 
GCA_000021965.1_ASM2196v1_genomic_prot.fas                                1.1568476 1.3312013 1.4740936 0.0000000 0.7945849 0.9604027 0.7096771 1.3860429 0.9660606 0.9053015 1.5204751 1.3281698 0.9306032 1.4685539 1.5146503 0.7596133 1.2844514 1.3979439 0.7236852 0.7506201 1.0423199 1.8209581 1.4666627 1.0644542 1.2329000 1.4118297 1.0688527 1.2713026 1.1058093 0.7766464 1.2049238 1.5467736 1.4961449 1.5940622 0.9227284 1.2827363 1.4490171 1.3819793 1.1138871 1.3659392 1.3079388 1.2295880 1.5150253 0.9459497 0.7489794 1.6700968 1.1732671 1.2571963 1.1288064 1.3672958 1.1489280 1.2151465 1.0943182 1.1786929 1.5035897 1.0191557 1.1981014 1.7178031 1.1508402 1.0073018 1.4932747 1.6949752 1.0382665 1.6103215 0.7510014 1.3742203 1.4609769 1.4129870 1.4553961 1.3870104 1.9101747 1.4105489 1.5592957 2.1012817 1.0399691 1.4917243 1.3955943 1.4238208 1.4253077 1.2157655 1.0475263 1.4622341 0.9726239 1.5818465 1.3657160 1.5123874 1.3677758 1.3477682 1.4729461 1.5583302 1.4916333 0.9927843 1.0930021 1.3981389 0.8536423 1.1367252 0.9388608 
GCA_000025505.1_ASM2550v1_genomic_prot.fas                                0.9722573 1.0559307 1.1819907 0.7945849 0.0000000 0.7512587 0.7283773 1.0799834 0.7743925 0.9107848 1.1793921 1.1082560 0.8466241 1.1425676 1.2404860 0.6705320 1.0164107 1.2023498 0.6971937 0.7003832 0.8347329 1.4103828 1.2902226 0.9139377 1.0157382 1.2128847 0.9511595 1.1097415 0.9359525 0.6977256 1.0514876 1.3186677 1.2854231 1.3333810 0.8066411 1.0902795 1.2126810 1.2529657 0.9322484 1.1991065 1.1472096 0.9883295 1.1960020 0.7610112 0.5672261 1.4412831 1.0136162 0.9955183 0.8834705 1.0720329 0.9291008 1.0551807 0.9515337 1.0437123 1.2037199 0.9033010 1.1453369 1.5317541 1.0215353 0.8541338 1.2468534 1.5185893 0.9615820 1.3437557 0.7143327 1.1942295 1.2368283 1.2098864 1.2710124 1.1864532 1.6076444 1.2129286 1.3113629 1.8412695 0.8726872 1.2698875 1.2136931 1.2012503 1.2509552 1.0283041 0.8907376 1.2729839 0.7234154 1.3476568 1.1621688 1.2880359 1.1708361 1.2072270 1.2617155 1.3311673 1.2456058 0.9092101 0.8731672 1.1841898 0.7062938 0.9341850 0.8576977 
GCA_000025665.1_ASM2566v1_genomic_prot.fas                                0.7487429 1.1188510 1.2465842 0.9604027 0.7512587 0.0000000 0.8724322 1.1762700 0.8088988 1.0578925 1.2676851 1.2230074 0.6622658 1.2185385 1.2908986 0.8371119 1.0809545 1.2755668 0.8596912 0.8789980 0.8968582 1.5029028 1.3673063 0.9462355 1.0975281 1.2555589 0.7832022 1.1411291 0.9589479 0.8408929 1.1048285 1.3810920 1.3522691 1.3633877 0.9097946 1.1378171 1.2899587 1.2692712 0.9735520 1.2423490 1.1932467 1.0834943 1.2845945 0.8245489 0.7736866 1.4847582 1.0150383 1.0566508 0.9766402 1.1645156 0.9794090 1.1399469 0.8577006 0.8953032 1.2924247 0.7002114 0.9878602 1.5556184 0.8885289 0.8931902 1.2566546 1.5619135 0.8336391 1.4239821 0.8623434 1.2067938 1.2850399 1.2465750 1.2812667 1.2508044 1.6693193 1.2439616 1.3450094 1.8378371 0.6971685 1.3291683 1.1919112 1.2407465 1.3142171 1.0788692 0.7756734 1.2568189 0.7868966 1.3867303 1.2395203 1.3154905 1.2233699 1.1949101 1.3617185 1.3623350 1.2947977 0.7286729 0.9460513 1.2469234 0.8768171 0.8346371 0.6822414 
GCA_000063445.1_ASM6344v1_genomic_prot.fas                                1.0833989 1.2419406 1.3569037 0.7096771 0.7283773 0.8724322 0.0000000 1.2932679 0.8940411 0.8137635 1.3903189 1.2851825 0.8446573 1.3607788 1.3631876 0.6622403 1.1785010 1.3034267 0.6014189 0.6098409 0.9246636 1.6638477 1.3522797 0.9573566 1.1997475 1.2960572 0.9634452 1.1692902 1.0190626 0.6633307 1.1477186 1.4568143 1.3984780 1.4597019 0.8264763 1.1670961 1.3368579 1.3045737 1.0003144 1.2505591 1.1874579 1.1398805 1.3922494 0.8564760 0.6447251 1.4906715 1.0831902 1.1022772 1.0361201 1.2758704 1.0650997 1.1497851 1.0139549 1.0957468 1.4135439 0.9172199 1.1640599 1.6882208 1.0876459 0.9279987 1.3568770 1.6268319 0.9971130 1.5467454 0.6214395 1.2752370 1.3486211 1.3072103 1.3488912 1.2987438 1.7813385 1.2886198 1.4780054 2.0029172 0.9143099 1.3868389 1.2952689 1.3030821 1.2933556 1.1071068 0.9333024 1.3715761 0.8863097 1.4720096 1.2516640 1.4335849 1.2187802 1.2432992 1.3435569 1.4825089 1.3509351 0.9281174 1.0059098 1.2707944 0.7325907 1.0177441 0.8706317 
GCA_000145985.1_ASM14598v1_genomic_prot.fas                               1.4140113 0.7959302 1.2365391 1.3860429 1.0799834 1.1762700 1.2932679 0.0000000 1.1196463 1.4799387 1.0964103 1.2247382 1.3129710 1.1390397 1.6213654 1.2325219 1.0137567 1.5779414 1.3335210 1.2712015 1.1056207 1.5654995 1.6709274 1.2772964 1.0779137 1.5340022 1.3668241 1.1530212 1.3061824 1.3102165 1.1314398 1.6160791 1.6030541 1.6554960 1.3175598 1.1790483 1.4010708 1.3490844 1.0958978 1.3880995 1.2864074 1.1106500 1.2699639 1.1114941 1.1355057 1.8344732 1.3722703 0.7277670 0.9774494 1.2094447 1.0302113 1.4739794 1.3616717 1.4254713 1.2203254 1.3922121 1.6079224 1.8164749 1.4666537 1.2089248 1.5756918 1.8726020 1.3923676 1.3183134 1.2908881 1.5476486 1.5675215 1.5577645 1.5695435 1.5050416 1.9990521 1.5602262 1.6384986 2.1622939 1.3969880 1.6415828 1.5051598 1.5613280 1.5712337 1.2171978 1.3808338 1.5532486 1.0137330 1.3995205 1.5021214 1.6436842 1.5399418 1.6249569 1.6951512 1.6312132 1.5979659 1.3867402 1.1616754 1.3800315 1.2479603 1.3626201 1.3652706 
GCA_000214415.1_ASM21441v1_genomic_prot.fas                               1.0813103 1.0898294 1.2318696 0.9660606 0.7743925 0.8088988 0.8940411 1.1196463 0.0000000 1.0859148 1.2182961 1.1639977 0.9538472 1.1616465 1.2584279 0.8870972 1.0249385 1.2055205 0.8889946 0.8936923 0.8421580 1.4199353 1.2823904 0.8943484 1.0438793 1.1894343 0.9492810 1.1320359 0.9165731 0.8831487 1.0820087 1.3347032 1.2817742 1.3555322 0.9317550 1.1150692 1.2410973 1.1760693 0.9373650 1.1725079 1.1403978 1.0468319 1.2765300 0.7495968 0.8128546 1.4622070 0.9545594 0.9851587 0.9070174 1.1284572 0.9321016 1.0814416 1.0337791 1.1072210 1.2708301 0.9996125 1.2427612 1.5382736 1.1694092 0.7594149 1.2172395 1.5120214 1.0531132 1.4027276 0.9085877 1.1668584 1.2712660 1.1901967 1.2562554 1.1909962 1.5773191 1.2038476 1.3111140 1.7983276 0.9367280 1.2685919 1.1209090 1.1429016 1.2160732 1.0463085 0.9857751 1.1864173 0.7043870 1.3945322 1.1622198 1.3114934 1.1944632 1.1934092 1.2901412 1.3051790 1.2313804 1.0193404 0.8423410 1.2213401 0.9200988 1.0048848 0.9703093 
GCA_000230735.3_ASM23073v3_genomic_prot.fas                               1.2942841 1.4750690 1.4960653 0.9053015 0.9107848 1.0578925 0.8137635 1.4799387 1.0859148 0.0000000 1.5408950 1.4153695 1.0519994 1.5562464 1.5841066 0.8461184 1.4056729 1.5187021 0.8232415 0.8171534 1.0992773 1.9521380 1.3420498 1.1831658 1.3668439 1.5478808 1.2007636 1.3703038 1.2238366 0.8605521 1.3491761 1.6209923 1.5638260 1.6518302 0.8828040 1.3529946 1.5351445 1.4992323 1.2213380 1.4657704 1.4338417 1.3074597 1.5756884 1.0173688 0.8532621 1.8698985 1.2636695 1.3132493 1.2118668 1.4261091 1.2574051 1.2952001 1.2019799 1.3115757 1.5504888 1.1249389 1.3348504 1.9503090 1.2340713 1.0877439 1.5439129 1.8397770 1.1537301 1.6797822 0.8296087 1.4402506 1.5744695 1.5421883 1.5233906 1.4497427 1.9685666 1.5201749 1.6737340 2.2859367 1.1682033 1.6319636 1.5040347 1.5410514 1.4913653 1.2963423 1.1645771 1.5931722 1.0352101 1.6764449 1.4029963 1.7078095 1.5198667 1.5502860 1.5775287 1.6400604 1.5507053 1.0785128 1.0976557 1.4359025 0.9449870 1.1626760 1.0565523 
GCA_000247545.1_ASM24754v1_genomic_prot.fas                               1.5242134 1.1212491 1.3428609 1.5204751 1.1793921 1.2676851 1.3903189 1.0964103 1.2182961 1.5408950 0.0000000 1.2720743 1.4299229 1.2355441 1.7637645 1.3185566 0.9387050 1.7005684 1.4344986 1.3860902 1.2218169 1.6409434 1.7850326 1.4408165 1.1934383 1.6806450 1.5077624 1.2314750 1.3797911 1.4064071 1.2440243 1.7757595 1.6418238 1.7968980 1.4641520 1.2504434 1.5385305 1.5080877 1.1914599 1.5456509 1.4899838 1.1924084 1.3633329 1.2377633 1.2400936 2.0250844 1.4754462 1.0461861 1.0658703 1.2644439 1.1315026 1.5051455 1.4638803 1.4985117 1.2646275 1.4969653 1.6705235 1.9345531 1.5516336 1.3708958 1.7273698 2.0355091 1.5066109 1.4447611 1.3844990 1.6537377 1.7273357 1.6776959 1.7077059 1.6037257 2.1369063 1.6654162 1.8211426 2.4226707 1.4887212 1.7441929 1.6558988 1.7180823 1.7048523 1.2920286 1.4507708 1.7363977 1.1007660 1.4920379 1.6456076 1.7356339 1.6073823 1.7267408 1.8076452 1.8050738 1.7025102 1.4357517 1.2157362 1.4606588 1.3090724 1.4340606 1.4166521 
GCA_000270325.1_ASM27032v1_genomic_prot.fas                               1.4255711 1.1822342 1.2969269 1.3281698 1.1082560 1.2230074 1.2851825 1.2247382 1.1639977 1.4153695 1.2720743 0.0000000 1.2889733 1.2435473 1.7314113 1.2179909 1.1369607 1.6465919 1.3084741 1.2686590 1.1530426 1.7370852 1.6626251 1.3000327 0.9621062 1.6326870 1.3957636 1.2018926 1.2832431 1.2787641 1.0080602 1.5943667 1.5517118 1.6273794 1.3301426 1.1338426 1.4182950 1.3710156 1.0906005 1.4024058 1.3489682 0.9997154 1.2142150 1.1303942 1.1641161 1.9513802 1.3772322 1.0925677 0.8797303 1.0706101 0.9464900 1.4371491 1.3639559 1.4042088 1.2233195 1.3806551 1.5816143 1.8423275 1.4328358 1.2859108 1.6077277 1.8836495 1.4270249 1.4023864 1.3116524 1.5886260 1.6465933 1.6295122 1.6238795 1.5740680 2.0043052 1.6137811 1.7477852 2.2294217 1.3682701 1.6674205 1.5405745 1.6381617 1.6062423 1.2742570 1.4232603 1.6076854 1.0873090 1.3661481 1.4987123 1.7239652 1.5439022 1.5988922 1.6766362 1.7207865 1.6716510 1.3091684 1.2268652 1.2024517 1.2533119 1.3902966 1.2911986 
GCA_000308215.1_ASM30821v1_genomic_prot.fas                               0.8983956 1.2427004 1.3823956 0.9306032 0.8466241 0.6622658 0.8446573 1.3129710 0.9538472 1.0519994 1.4299229 1.2889733 0.0000000 1.3456370 1.3911034 0.8854839 1.2198491 1.3360608 0.8572350 0.8931287 0.9772008 1.6785212 1.4231052 1.0192677 1.1792144 1.3464495 0.7719015 1.2015588 1.0377041 0.8863955 1.1638140 1.5023421 1.3815429 1.4923373 0.9701387 1.1784580 1.3925862 1.3624982 1.0728528 1.3021360 1.2614853 1.1608155 1.4491484 0.8921232 0.8344018 1.6889695 1.1237573 1.1616411 1.0653877 1.2878387 1.1049591 1.1897230 0.8765153 0.9491811 1.4083739 0.5822318 1.0091438 1.7390410 0.8709075 0.9816865 1.3794392 1.6159911 0.8271530 1.5442265 0.8813689 1.2847472 1.3899898 1.3105662 1.3624016 1.3077485 1.8098877 1.3078842 1.4938424 2.0739445 0.6989887 1.4259098 1.3351299 1.3388549 1.3787643 1.1427252 0.7636917 1.4112210 0.9019805 1.5158692 1.3119102 1.4549961 1.3128043 1.2897242 1.4073313 1.5351365 1.3846211 0.5812595 1.0683801 1.3367087 0.9483655 0.8964073 0.5092507 
GCA_000398765.1_ASM39876v1_genomic_prot.fas                               1.4030326 1.0726516 1.3218086 1.4685539 1.1425676 1.2185385 1.3607788 1.1390397 1.1616465 1.5562464 1.2355441 1.2435473 1.3456370 0.0000000 1.6706482 1.3184168 1.0480000 1.6428235 1.4230236 1.4000464 1.2111880 1.5345942 1.6898790 1.3131455 1.1714417 1.5705743 1.4046497 1.1643917 1.3032655 1.3398985 1.1588686 1.6759745 1.6572098 1.6989665 1.3771826 1.2254530 1.4101244 1.3800040 1.0838818 1.4825132 1.4016920 1.1257675 1.2283189 1.1843190 1.1935949 1.7521321 1.3844688 0.9906545 1.0718044 1.2463550 1.0619034 1.4792507 1.4191435 1.5108780 1.2090084 1.4840847 1.6901895 1.7465194 1.6302178 1.2607662 1.5367058 1.8670533 1.5114550 1.3883383 1.3695710 1.5528047 1.6457891 1.6118631 1.6708393 1.6209711 2.0459982 1.6510960 1.6575674 2.1050213 1.4735173 1.6951697 1.4489101 1.5456452 1.5671725 1.2634059 1.3689655 1.5556141 1.1034922 1.4169814 1.5100248 1.6457190 1.5783870 1.6004858 1.7615970 1.7040884 1.6634147 1.4242437 1.2794140 1.4180716 1.3105188 1.3378656 1.3897353 
GCA_000402515.1_ASM40251v1_genomic_prot.fas                               1.5906231 1.5486195 1.6415635 1.5146503 1.2404860 1.2908986 1.3631876 1.6213654 1.2584279 1.5841066 1.7637645 1.7314113 1.3911034 1.6706482 0.0000000 1.3780377 1.4770500 0.8826795 1.3631133 1.3891771 1.2868574 1.6257327 1.5519610 1.2700990 1.4803556 0.8201667 1.4638389 1.5827831 1.2927202 1.4016777 1.5005239 1.8265078 1.6689434 1.7398439 1.4352615 1.6001142 1.7799107 1.7068652 1.4249471 1.7017256 1.5990687 1.4809659 1.8089118 1.1942456 1.3155422 1.6254842 1.3462825 1.6272300 1.3925973 1.5820816 1.3992678 1.3924011 1.4719932 1.4867281 1.8096177 1.3663550 1.7962102 1.6521757 1.7165457 1.2528433 1.0335038 1.3532142 1.5396536 1.9184531 1.3772036 0.8992869 0.9172324 0.8149696 1.2441252 0.9113084 1.8591064 0.9464443 1.2242781 1.8947433 1.3506599 1.4479356 1.5958402 0.8217960 0.9100888 1.5267437 1.5117061 1.6038579 1.1232987 1.8927602 1.4976445 1.1677272 1.3382912 0.8508450 0.8984467 1.1200664 0.8828267 1.5860284 1.3024705 1.6324957 1.3287263 1.4442014 1.4930712 
GCA_000711905.1_ASM71190v1_genomic_prot.fas                               1.0707999 1.2170943 1.2952730 0.7596133 0.6705320 0.8371119 0.6622403 1.2325219 0.8870972 0.8461184 1.3185566 1.2179909 0.8854839 1.3184168 1.3780377 0.0000000 1.1173603 1.3348196 0.5732737 0.5897641 0.8747735 1.6895651 1.3774394 0.9859781 1.0918152 1.3164445 0.9767620 1.1772726 1.0052346 0.6422053 1.1380694 1.4259815 1.3266537 1.4399870 0.8117170 1.1655908 1.3193510 1.2712708 1.0195254 1.2818479 1.1975687 1.0788526 1.3706371 0.8442610 0.6074798 1.6401150 1.0528093 1.0978742 0.9649887 1.2029858 0.9993180 1.1322265 0.9600233 1.0604948 1.3102628 0.9118252 1.1424745 1.7030255 1.0524481 0.9103228 1.3575357 1.6607798 0.9944660 1.4062285 0.6545230 1.2784227 1.3391485 1.3094872 1.3441483 1.2506321 1.7736103 1.3277477 1.4831264 2.0428357 0.9368327 1.4184203 1.3574228 1.3411284 1.3249024 1.0713614 0.9652012 1.3924189 0.8454334 1.4723294 1.2205988 1.4431475 1.2974430 1.2917807 1.3870514 1.4096139 1.3753163 0.9418688 0.9337405 1.2744597 0.7379608 0.9799039 0.8900278 
GCA_000813245.1_ASM81324v1_genomic_prot.fas                               1.2964304 0.9621527 1.1424936 1.2844514 1.0164107 1.0809545 1.1785010 1.0137567 1.0249385 1.4056729 0.9387050 1.1369607 1.2198491 1.0480000 1.4770500 1.1173603 0.0000000 1.4267327 1.2070370 1.1789451 1.0314572 1.5356512 1.5088788 1.1948871 0.9965518 1.4261367 1.3019588 0.9989518 1.2450090 1.1995781 1.0506851 1.5353692 1.4279807 1.5854342 1.2049175 1.0909096 1.3187248 1.2427343 0.9814832 1.2704313 1.1981058 1.0251075 1.2260205 1.0301942 1.0668709 1.6926977 1.2608605 0.9102901 0.8930582 1.1106064 0.9276734 1.3501873 1.2626735 1.3345285 1.1477200 1.2641363 1.4812910 1.7243615 1.3657896 1.1586141 1.4912787 1.7078419 1.3006434 1.2861640 1.2128588 1.3890183 1.4108339 1.4393588 1.4843081 1.3299388 1.8663662 1.4470419 1.5608771 2.0955410 1.2340772 1.5444415 1.4362207 1.3784221 1.4620126 1.1224526 1.2931249 1.4581538 0.9291763 1.3108095 1.4589722 1.5587628 1.4096292 1.3768574 1.4693445 1.5047522 1.4460328 1.2571057 1.0786944 1.2466362 1.1367864 1.2455568 1.2292406 
GCA_000830295.1_ASM83029v1_genomic_prot.fas                               1.5139210 1.5203094 1.6397597 1.3979439 1.2023498 1.2755668 1.3034267 1.5779414 1.2055205 1.5187021 1.7005684 1.6465919 1.3360608 1.6428235 0.8826795 1.3348196 1.4267327 0.0000000 1.3187068 1.3626895 1.2703409 1.5612640 1.5477111 1.2848898 1.3992284 0.6727125 1.4130958 1.5144645 1.2717013 1.3748733 1.4145448 1.7289150 1.5995424 1.7164354 1.3831412 1.5357680 1.6312311 1.5944002 1.3296918 1.6983884 1.5650988 1.4779544 1.7186188 1.1655990 1.2694357 1.7284837 1.3280981 1.4611494 1.3613704 1.5372076 1.3513973 1.3740748 1.4263945 1.4663922 1.7471048 1.3656258 1.6554848 1.6077427 1.5814214 1.2672511 0.8794405 1.2256167 1.3886174 1.8708374 1.3567374 0.6797396 0.7603958 0.6720950 1.2161985 0.7315901 1.7432973 0.7755362 1.1746212 2.0046347 1.3445291 1.4443895 1.5316128 0.6700604 0.7655897 1.5102565 1.4257899 1.5383342 1.1372353 1.7178385 1.4416920 1.1732965 1.3428826 0.6735943 0.8023737 1.1607507 0.7262771 1.4764154 1.3112152 1.6365662 1.2796296 1.3923764 1.3896892 
GCA_000970285.1_ASM97028v1_genomic_prot.fas                               1.1566246 1.2673748 1.3682027 0.7236852 0.6971937 0.8596912 0.6014189 1.3335210 0.8889946 0.8232415 1.4344986 1.3084741 0.8572350 1.4230236 1.3631133 0.5732737 1.2070370 1.3187068 0.0000000 0.5445810 0.9526469 1.7068963 1.3832528 0.9957052 1.1677633 1.2995740 0.9416754 1.1983075 1.0547743 0.6358284 1.1572706 1.4555468 1.4067965 1.5243958 0.8114824 1.1942402 1.3592744 1.2877524 1.0486418 1.2917776 1.2369238 1.1353588 1.4332583 0.8519842 0.6484777 1.5636683 1.0897659 1.1841195 1.0527758 1.3078147 1.0866345 1.1494760 1.0256368 1.0779013 1.3761433 0.9306664 1.1799316 1.7057983 1.1344917 0.9273102 1.3490556 1.5750174 0.9851152 1.5859387 0.6425083 1.2678347 1.3382831 1.2895083 1.3805154 1.2542527 1.8162297 1.3009902 1.4888728 2.0006459 0.8833085 1.4457209 1.3398098 1.2872926 1.3300397 1.1121494 0.9702476 1.3944012 0.9058566 1.4843811 1.2585991 1.4946810 1.2961013 1.2542242 1.3652364 1.4599863 1.3392724 0.9506077 1.0226800 1.2829110 0.7340133 0.9948421 0.8799017 
GCA_001509375.1_ASM150937v1_genomic_prot.fas                              1.1148008 1.2787330 1.3925407 0.7506201 0.7003832 0.8789980 0.6098409 1.2712015 0.8936923 0.8171534 1.3860902 1.2686590 0.8931287 1.4000464 1.3891771 0.5897641 1.1789451 1.3626895 0.5445810 0.0000000 0.9172924 1.7114374 1.3655696 0.9693007 1.1676986 1.3202407 0.9932065 1.1672725 1.0224761 0.5985952 1.1811413 1.4866092 1.4262654 1.4942968 0.8002813 1.1953484 1.3398707 1.2890115 0.9957595 1.2731829 1.2493173 1.1356621 1.4570636 0.8333636 0.6224245 1.6558913 1.0626728 1.1327545 1.0056003 1.2623036 1.0676056 1.1642537 1.0122143 1.0887851 1.4200488 0.9309232 1.1814513 1.7364628 1.0887801 0.8744116 1.3809139 1.6795224 1.0168457 1.4994176 0.6104348 1.2637657 1.3609689 1.3222748 1.3818591 1.2682897 1.8167872 1.3469273 1.5029433 2.0220180 0.9377089 1.4369097 1.3174732 1.3448553 1.3402926 1.0988917 0.9651836 1.3986587 0.8606400 1.5392957 1.2862949 1.4649258 1.2863855 1.2896022 1.3867752 1.4376420 1.3627694 0.9481888 0.9553358 1.2744366 0.6958999 1.0008065 0.8867735 
GCA_001515205.2_ASM151520v2_genomic_prot.fas                              1.1595872 1.1017638 1.1863667 1.0423199 0.8347329 0.8968582 0.9246636 1.1056207 0.8421580 1.0992773 1.2218169 1.1530426 0.9772008 1.2111880 1.2868574 0.8747735 1.0314572 1.2703409 0.9526469 0.9172924 0.0000000 1.5964411 1.3474672 0.9160980 0.9993875 1.2463145 1.0068894 1.0490600 0.9765097 0.9350091 1.0159787 1.4057668 1.2957449 1.4280084 0.9987332 1.0314420 1.2195070 1.1501554 0.8773680 1.1726864 1.1207830 0.9502957 1.2783787 0.7837038 0.8803156 1.5661874 1.0278199 1.0037252 0.8726224 1.0826886 0.9072149 1.0971333 1.0503244 1.1253076 1.2460423 1.0115214 1.2382159 1.6237754 1.1684146 0.8591890 1.2929748 1.5936864 1.0481012 1.3107362 0.9231759 1.1983773 1.2546048 1.2082282 1.3079473 1.2081402 1.7136215 1.2003091 1.3318547 1.9255046 0.9904068 1.3018098 1.2630484 1.2360092 1.2660477 0.9713514 1.0279364 1.3215737 0.7521104 1.3125026 1.1656285 1.3570916 1.1877310 1.2763686 1.2930116 1.3738727 1.2811309 1.0087540 0.8793724 1.1985363 0.9499719 1.0316726 0.9820234 
GCA_001552015.1_ASM155201v1_genomic_prot.fas                              1.7729875 1.4605103 1.6479410 1.8209581 1.4103828 1.5029028 1.6638477 1.5654995 1.4199353 1.9521380 1.6409434 1.7370852 1.6785212 1.5345942 1.6257327 1.6895651 1.5356512 1.5612640 1.7068963 1.7114374 1.5964411 0.0000000 1.7885909 1.6172718 1.6306492 1.5616392 1.7365729 1.7543729 1.6311455 1.6954537 1.6940675 1.8164290 1.8496399 1.8638437 1.6561537 1.7207282 1.8993097 1.8133572 1.5435912 1.9274990 1.7208164 1.7153017 1.7499460 1.4703715 1.5724499 1.9824928 1.6816534 1.5616698 1.5106392 1.6626414 1.5550603 1.7185238 1.7632712 1.6662443 1.8017474 1.7462962 2.0493880 1.7416618 1.9702963 1.5695642 1.5562426 1.7683676 1.7896297 1.9350443 1.7375115 1.5842435 1.5802691 1.5493153 1.6521232 1.5771590 2.0438565 1.4877887 1.6822265 2.0700145 1.7009303 1.7650979 1.7156689 1.5380099 1.6139754 1.7770669 1.8339851 1.7735291 1.2951843 1.9107798 1.7871820 1.5764388 1.6880633 1.4962784 1.6697593 1.6245180 1.5916062 1.8131438 1.5171624 2.1431948 1.5617899 1.6816245 1.7883190 
GCA_001563875.1_ASM156387v1_genomic_prot.fas                              1.6361502 1.6459016 1.6348992 1.4666627 1.2902226 1.3673063 1.3522797 1.6709274 1.2823904 1.3420498 1.7850326 1.6626251 1.4231052 1.6898790 1.5519610 1.3774394 1.5088788 1.5477111 1.3832528 1.3655696 1.3474672 1.7885909 0.0000000 1.3401942 1.5612301 1.5031545 1.5052575 1.5811464 1.3482940 1.3814724 1.5908402 1.8137770 1.6471371 1.8204361 1.2747615 1.6325172 1.7457930 1.7394998 1.4628317 1.7509679 1.6299406 1.5807356 1.7279702 1.2678751 1.3216908 1.6966424 1.3786820 1.5553791 1.4574751 1.6162661 1.4691443 1.3387683 1.5060533 1.5002663 1.7705117 1.4776721 1.6863163 1.8283882 1.6180821 1.3220448 1.5810744 1.7810240 1.4328692 1.8511080 1.3850292 1.4438680 1.5771328 1.5025947 1.5723206 1.5321482 2.0020113 1.4923643 1.5985696 2.1311335 1.4822238 1.5066076 1.5802015 1.5249196 1.5305338 1.5529815 1.4816746 1.6951366 1.2218908 1.9160792 1.5142645 1.6530338 1.3363037 1.4986069 1.6038209 1.6597503 1.5779097 1.4652277 1.3007980 1.7081661 1.3795837 1.4696466 1.4510781 
GCA_001587575.1_ASM158757v1_genomic_prot.fas                              1.2023731 1.2457164 1.3621209 1.0644542 0.9139377 0.9462355 0.9573566 1.2772964 0.8943484 1.1831658 1.4408165 1.3000327 1.0192677 1.3131455 1.2700990 0.9859781 1.1948871 1.2848898 0.9957052 0.9693007 0.9160980 1.6172718 1.3401942 0.0000000 1.1763504 1.2267502 1.0496219 1.1707831 0.9732066 0.9873091 1.1206177 1.3980076 1.3708278 1.4478999 1.0357028 1.2140816 1.3013492 1.2458465 0.9880859 1.2690849 1.1603640 1.1098531 1.3832554 0.8334195 0.9271598 1.5123794 1.0129660 1.1649943 1.0252494 1.2463855 1.0590807 1.1377676 1.1098511 1.2027307 1.4565648 1.0296075 1.3273728 1.6118115 1.2562911 0.8930280 1.3041153 1.6232556 1.1376920 1.5799648 0.9710741 1.2500320 1.3019567 1.2181940 1.3412432 1.2723250 1.7387190 1.2829525 1.3660781 1.9617548 1.0200442 1.3468680 1.2284765 1.2443352 1.2527869 1.1236597 1.0770412 1.2825660 0.7840442 1.4939442 1.2088431 1.3756426 1.2453715 1.2708112 1.3396107 1.4554163 1.3240205 1.0940247 1.0233302 1.2989734 0.9769648 1.0846238 1.0078986 
GCA_001593865.1_ASM159386v1_genomic_prot.fas                              1.3467637 1.0730920 1.2115501 1.2329000 1.0157382 1.0975281 1.1997475 1.0779137 1.0438793 1.3668439 1.1934383 0.9621062 1.1792144 1.1714417 1.4803556 1.0918152 0.9965518 1.3992284 1.1677633 1.1676986 0.9993875 1.6306492 1.5612301 1.1763504 0.0000000 1.4329208 1.2781749 1.0492418 1.1869177 1.1939961 0.8163628 1.6232906 1.5131946 1.6972706 1.2219144 0.9090205 1.2628457 1.1920609 0.9643281 1.2957284 1.1924331 0.7949787 1.1562678 1.0047752 1.0018365 1.9429123 1.2348616 0.9222211 0.6452706 0.9285209 0.7053278 1.3232678 1.2545756 1.2946760 1.0732366 1.1940744 1.5401361 1.7980881 1.3630105 1.1100248 1.3982050 1.8370898 1.2985472 1.2968468 1.1440332 1.4592538 1.4846838 1.4485573 1.4715229 1.3543297 1.8826764 1.4245112 1.5583507 2.0570277 1.2281144 1.5050089 1.5060583 1.3872855 1.4641167 1.0506057 1.2294177 1.5399498 0.9237589 1.1924686 1.4339802 1.5979594 1.4263056 1.3842175 1.5474829 1.5999960 1.4702685 1.2405922 1.0777010 0.9911222 1.1248796 1.2586210 1.1925644 
GCA_001595785.1_ASM159578v1_genomic_prot.fas                              1.5313882 1.5050622 1.6314696 1.4118297 1.2128847 1.2555589 1.2960572 1.5340022 1.1894343 1.5478808 1.6806450 1.6326870 1.3464495 1.5705743 0.8201667 1.3164445 1.4261367 0.6727125 1.2995740 1.3202407 1.2463145 1.5616392 1.5031545 1.2267502 1.4329208 0.0000000 1.3659475 1.4997761 1.2278928 1.3420199 1.4485115 1.6853613 1.5938570 1.7370435 1.3344028 1.5306718 1.6210705 1.5602110 1.3187770 1.6350043 1.5154422 1.4567840 1.6779497 1.1649149 1.2472402 1.7308012 1.3143443 1.4349255 1.3334174 1.5370583 1.3348860 1.3103178 1.3996754 1.4944213 1.7075838 1.3652686 1.7004805 1.5962578 1.6568430 1.2381027 0.8520185 1.2833474 1.4234686 1.8893190 1.3445677 0.6793201 0.7568405 0.6523253 1.2347209 0.7176961 1.7345872 0.7436898 1.1826145 1.9977611 1.3328309 1.4344613 1.4828487 0.6628892 0.7367740 1.4726670 1.3891810 1.5130173 1.1175556 1.7557633 1.3707293 1.1567043 1.2974140 0.6901106 0.7721841 1.1280461 0.7086353 1.4701628 1.2790216 1.6349960 1.2942097 1.3919982 1.4072722 
GCA_001595945.1_ASM159594v1_genomic_prot.fas                              1.1056396 1.3372732 1.4612843 1.0688527 0.9511595 0.7832022 0.9634452 1.3668241 0.9492810 1.2007636 1.5077624 1.3957636 0.7719015 1.4046497 1.4638389 0.9767620 1.3019588 1.4130958 0.9416754 0.9932065 1.0068894 1.7365729 1.5052575 1.0496219 1.2781749 1.3659475 0.0000000 1.2622808 1.0616702 0.9503340 1.2589236 1.5811800 1.4569035 1.5967563 1.0180223 1.2829976 1.4228626 1.3852719 1.1008421 1.3079408 1.3288922 1.2275472 1.4641306 0.9155267 0.9397496 1.7060166 1.1307325 1.2378761 1.1383275 1.3377052 1.1306200 1.2213501 0.9921548 1.0137662 1.5179556 0.8109295 1.1368041 1.7437864 1.0637788 0.9871196 1.4272252 1.7392097 0.9100381 1.6206298 0.9816980 1.3090668 1.4043296 1.3821630 1.4664132 1.3745893 1.8747484 1.3654971 1.5243825 1.9676122 0.7234732 1.4742763 1.3414487 1.3422458 1.4319686 1.1423565 0.7803488 1.4652577 0.9405155 1.5504021 1.3493029 1.5431540 1.3868487 1.2928895 1.4638823 1.5345789 1.4505417 0.7808885 1.0685549 1.3887257 1.0164926 0.7899468 0.7479911 
GCA_001717035.1_ASM171703v1_genomic_prot.fas                              1.3891722 1.0799364 1.2828085 1.2713026 1.1097415 1.1411291 1.1692902 1.1530212 1.1320359 1.3703038 1.2314750 1.2018926 1.2015588 1.1643917 1.5827831 1.1772726 0.9989518 1.5144645 1.1983075 1.1672725 1.0490600 1.7543729 1.5811464 1.1707831 1.0492418 1.4997761 1.2622808 0.0000000 1.2163028 1.1859847 0.9634511 1.5989207 1.5080518 1.6209710 1.2751408 1.0659831 1.3166597 1.1966925 0.9663206 1.2713433 1.1868204 1.0026919 1.3550888 1.0515291 1.1165752 1.8508921 1.2453864 0.9749068 0.9564326 1.2046931 0.9561561 1.3763344 1.2688497 1.3217776 1.2860769 1.2499733 1.5091113 1.8730464 1.3470957 1.1214245 1.5817193 1.7643114 1.3345487 1.3188113 1.1847596 1.4620847 1.5155646 1.4918925 1.5745761 1.4592990 1.9899093 1.4609766 1.6378774 2.3129506 1.2560129 1.5621968 1.4992991 1.5205014 1.5164668 1.0624085 1.2592524 1.5333298 1.0168293 1.3494338 1.4228702 1.5741781 1.4393992 1.4863216 1.6084287 1.6317595 1.5517169 1.2330368 1.1514342 1.1884647 1.1983262 1.2139682 1.1620896 
GCA_001723855.1_ASM172385v1_genomic_prot.fas                              1.1979263 1.2727586 1.4151464 1.1058093 0.9359525 0.9589479 1.0190626 1.3061824 0.9165731 1.2238366 1.3797911 1.2832431 1.0377041 1.3032655 1.2927202 1.0052346 1.2450090 1.2717013 1.0547743 1.0224761 0.9765097 1.6311455 1.3482940 0.9732066 1.1869177 1.2278928 1.0616702 1.2163028 0.0000000 1.0047340 1.2417269 1.3437549 1.2765314 1.3953788 1.0473128 1.1967727 1.3525547 1.3357602 1.0617203 1.2739682 1.2460091 1.1691062 1.3915793 0.8814651 0.9922587 1.4426681 0.6234004 1.1163948 1.0940935 1.3121541 1.1304985 1.1189977 1.1034447 1.0699641 1.4472809 1.0597807 1.2756625 1.5375718 1.2150192 0.9687823 1.3474685 1.5815490 1.1099782 1.5253019 1.0341046 1.1862328 1.2512655 1.2072963 1.3414245 1.2356855 1.6346598 1.2464633 1.3460965 1.7859149 1.0374680 1.3041230 0.8410495 1.2077480 1.2885583 1.1743075 1.0790497 0.8664666 0.8853146 1.5866827 1.2180639 1.3825633 1.2135651 1.2235388 1.3053112 1.4119777 1.2675967 1.1011885 1.0844884 1.3789532 1.0124659 1.0439232 1.0473991 
GCA_001766815.1_ASM176681v1_genomic_prot.fas                              1.0713415 1.2906868 1.3675457 0.7766464 0.6977256 0.8408929 0.6633307 1.3102165 0.8831487 0.8605521 1.4064071 1.2787641 0.8863955 1.3398985 1.4016777 0.6422053 1.1995781 1.3748733 0.6358284 0.5985952 0.9350091 1.6954537 1.3814724 0.9873091 1.1939961 1.3420199 0.9503340 1.1859847 1.0047340 0.0000000 1.1675828 1.4117995 1.4127743 1.4741638 0.8013150 1.2089787 1.3509037 1.3019729 1.0145575 1.2421792 1.2131551 1.1102655 1.3787747 0.8465285 0.6301081 1.5743037 1.0735490 1.1583790 1.0415522 1.2486895 1.0641685 1.1616952 1.0165548 1.1180621 1.4344794 0.9236057 1.1249436 1.7150888 1.0943011 0.9169011 1.4351226 1.6737323 1.0156650 1.5301829 0.6684971 1.2897926 1.3860113 1.3544693 1.3888657 1.3289344 1.8054886 1.3343168 1.4825165 1.9594530 0.9008175 1.3817570 1.2897705 1.3312599 1.3698352 1.1160440 0.9658322 1.3561626 0.8839376 1.5103646 1.2474472 1.4292323 1.3032036 1.3084315 1.4615093 1.4535001 1.4078268 0.9418668 0.9976282 1.3643480 0.6944243 0.9930564 0.8952893 
GCA_001775995.1_ASM177599v1_genomic_prot.fas                              1.3373472 1.1018218 1.2052455 1.2049238 1.0514876 1.1048285 1.1477186 1.1314398 1.0820087 1.3491761 1.2440243 1.0080602 1.1638140 1.1588686 1.5005239 1.1380694 1.0506851 1.4145448 1.1572706 1.1811413 1.0159787 1.6940675 1.5908402 1.1206177 0.8163628 1.4485115 1.2589236 0.9634511 1.2417269 1.1675828 0.0000000 1.6094039 1.5641570 1.6411685 1.2190123 0.8226139 1.2309353 1.1648689 0.8874695 1.2107759 1.1240646 0.7421683 1.1307010 1.0104602 1.0532478 1.7028736 1.3049058 0.9433449 0.7466237 0.9717055 0.6978044 1.3673515 1.2218899 1.2466790 1.1112346 1.2012688 1.4817116 1.7982459 1.3575538 1.0868096 1.5384588 1.7155576 1.2875890 1.3683661 1.1708538 1.4272232 1.4437048 1.3931290 1.5402402 1.3482620 1.9643803 1.4708033 1.6166686 2.1686013 1.1817278 1.4988832 1.4794145 1.3597384 1.4531551 1.0218740 1.2133430 1.5346447 0.9975291 1.1598282 1.4351025 1.5424104 1.4165436 1.3673600 1.4585524 1.5718014 1.4441955 1.2463716 1.1829660 0.9196751 1.1427366 1.2374559 1.1900055 
GCA_001871535.1_ASM187153v1_genomic_prot.fas                              1.5197839 1.5931517 1.7593578 1.5467736 1.3186677 1.3810920 1.4568143 1.6160791 1.3347032 1.6209923 1.7757595 1.5943667 1.5023421 1.6759745 1.8265078 1.4259815 1.5353692 1.7289150 1.4555468 1.4866092 1.4057668 1.8164290 1.8137770 1.3980076 1.6232906 1.6853613 1.5811800 1.5989207 1.3437549 1.4117995 1.6094039 0.0000000 1.2637987 1.2491681 1.4562127 1.5729990 1.6737599 1.7032643 1.5069661 1.7615960 1.5886622 1.5756740 1.8460271 1.3399686 1.4019607 1.8498553 1.4678009 1.4956289 1.4592467 1.7066936 1.4511493 1.5338981 1.5487230 1.4830823 1.7844224 1.4747878 1.8037181 2.0167345 1.6061961 1.3580622 1.7819866 2.1512060 1.5282253 1.9739664 1.4575226 1.6827276 1.7085015 1.7070000 1.6207749 1.7286789 1.8425839 1.6473556 1.7487033 2.2872291 1.5630529 1.6193251 1.5979048 1.7607344 1.6768524 1.5953321 1.5353345 1.6520660 1.2655460 1.8218858 1.4560613 1.7199455 1.5290244 1.6648171 1.8611782 1.7176065 1.7389488 1.6381666 1.5135227 1.9064055 1.4315036 1.4775175 1.5461297 
GCA_001871595.1_ASM187159v1_genomic_prot.fas                              1.5703187 1.5511669 1.6482687 1.4961449 1.2854231 1.3522691 1.3984780 1.6030541 1.2817742 1.5638260 1.6418238 1.5517118 1.3815429 1.6572098 1.6689434 1.3266537 1.4279807 1.5995424 1.4067965 1.4262654 1.2957449 1.8496399 1.6471371 1.3708278 1.5131946 1.5938570 1.4569035 1.5080518 1.2765314 1.4127743 1.5641570 1.2637987 0.0000000 1.3211548 1.4483505 1.5290062 1.6466927 1.6286110 1.4369346 1.6632645 1.5034609 1.4496742 1.7013494 1.2798174 1.3203168 1.7910343 1.3419899 1.4382097 1.4456446 1.5480355 1.4542542 1.4300745 1.4577702 1.4229654 1.6576825 1.5051570 1.6981028 1.8135768 1.4937125 1.4039267 1.7328728 1.8723718 1.4375854 1.8581955 1.3900544 1.5472323 1.6237501 1.5970222 1.5968592 1.6003656 1.8373058 1.5428360 1.7380053 2.1867267 1.4821893 1.6204246 1.5371952 1.6396378 1.5842813 1.4982472 1.4467787 1.6371385 1.2202211 1.7891462 1.2390246 1.6336725 1.4960859 1.5114550 1.7131117 1.6788669 1.6610808 1.4639957 1.4017249 1.6385046 1.4294606 1.4113680 1.4557979 
GCA_001896515.1_ASM189651v1_genomic_prot.fas                              1.4933942 1.5806315 1.7414694 1.5940622 1.3333810 1.3633877 1.4597019 1.6554960 1.3555322 1.6518302 1.7968980 1.6273794 1.4923373 1.6989665 1.7398439 1.4399870 1.5854342 1.7164354 1.5243958 1.4942968 1.4280084 1.8638437 1.8204361 1.4478999 1.6972706 1.7370435 1.5967563 1.6209710 1.3953788 1.4741638 1.6411685 1.2491681 1.3211548 0.0000000 1.5338063 1.6020595 1.8542090 1.8703828 1.4593709 1.7955018 1.6900346 1.5423454 1.8147090 1.3832034 1.4244374 1.7654864 1.4386838 1.5900330 1.5962820 1.7255603 1.5403111 1.5650987 1.5483564 1.6022843 1.7576659 1.6043054 1.8987027 1.8524435 1.6642301 1.4616317 1.8157434 1.9500684 1.5321866 1.8337987 1.4713060 1.6825609 1.7808008 1.7055936 1.7690114 1.7400830 1.9332278 1.6638205 1.8173834 2.2889177 1.5578904 1.6760494 1.5609666 1.7150243 1.7127530 1.6273538 1.5778657 1.7044612 1.2711507 1.8840683 1.4211194 1.7377746 1.6182497 1.6233334 1.8704788 1.7185198 1.7748594 1.5748937 1.4488957 1.7975534 1.4838458 1.5245739 1.5565535 
GCA_001914405.1_ASM191440v1_genomic_prot.fas                              1.1245533 1.2770737 1.4463177 0.9227284 0.8066411 0.9097946 0.8264763 1.3175598 0.9317550 0.8828040 1.4641520 1.3301426 0.9701387 1.3771826 1.4352615 0.8117170 1.2049175 1.3831412 0.8114824 0.8002813 0.9987332 1.6561537 1.2747615 1.0357028 1.2219144 1.3344028 1.0180223 1.2751408 1.0473128 0.8013150 1.2190123 1.4562127 1.4483505 1.5338063 0.0000000 1.2613098 1.3747828 1.3956916 1.0570914 1.3485510 1.2524910 1.1876126 1.3906063 0.8991532 0.7813392 1.6160741 1.0755862 1.1843677 1.0826827 1.2877628 1.1087763 1.1919049 1.0912149 1.1822190 1.4080093 1.0218270 1.2600216 1.7249884 1.1970479 0.9325478 1.3987062 1.6593882 1.0768359 1.5332952 0.8133764 1.3369627 1.4078129 1.3493436 1.4514307 1.3679479 1.8574303 1.3486955 1.4457570 2.0686003 0.9626559 1.4205411 1.3113270 1.3491988 1.3757596 1.1821741 1.0539292 1.3796594 0.9378501 1.4839963 1.3082665 1.4715278 1.3409923 1.3105508 1.5266212 1.5584927 1.4378743 1.0101343 1.0138898 1.3267682 0.8109019 1.0459805 1.0102631 
GCA_001918745.1_ASM191874v1_genomic_prot.fas                              1.3585837 1.1559946 1.3610565 1.2827363 1.0902795 1.1378171 1.1670961 1.1790483 1.1150692 1.3529946 1.2504434 1.1338426 1.1784580 1.2254530 1.6001142 1.1655908 1.0909096 1.5357680 1.1942402 1.1953484 1.0314420 1.7207282 1.6325172 1.2140816 0.9090205 1.5306718 1.2829976 1.0659831 1.1967727 1.2089787 0.8226139 1.5729990 1.5290062 1.6020595 1.2613098 0.0000000 1.2822417 1.3260503 0.9972796 1.2962758 1.2302477 0.8430890 1.2917311 1.0363446 1.0754558 1.8335538 1.3221832 1.0441250 0.8955044 1.0841818 0.7851242 1.3786931 1.2913132 1.3751415 1.1705618 1.2898478 1.5795465 1.8579667 1.3904208 1.1214986 1.5105001 1.7945718 1.2990069 1.3780639 1.1857592 1.4499941 1.5666094 1.5317200 1.5605482 1.4845841 1.9996608 1.4834777 1.7116275 2.3342505 1.2884906 1.5240883 1.4771886 1.4587811 1.5628789 1.0540891 1.2255654 1.6661289 0.9879249 1.2067380 1.4191294 1.6535157 1.4203123 1.4960601 1.6859920 1.6101730 1.5967998 1.2047478 1.1583154 1.0605336 1.2203624 1.2692260 1.2124201 
GCA_001940645.1_ASM194064v1_genomic_prot.fas                              1.5096022 1.3063454 1.5029491 1.4490171 1.2126810 1.2899587 1.3368579 1.4010708 1.2410973 1.5351445 1.5385305 1.4182950 1.3925862 1.4101244 1.7799107 1.3193510 1.3187248 1.6312311 1.3592744 1.3398707 1.2195070 1.8993097 1.7457930 1.3013492 1.2628457 1.6210705 1.4228626 1.3166597 1.3525547 1.3509037 1.2309353 1.6737599 1.6466927 1.8542090 1.3747828 1.2822417 0.0000000 1.2975535 1.1228476 1.2708950 1.1808916 1.2303792 1.5021617 1.2258851 1.2794609 1.8511171 1.3956541 1.2211921 1.1739969 1.3635849 1.1812701 1.4606383 1.4705441 1.4266826 1.5251558 1.4184704 1.6505531 2.0131972 1.5668796 1.2602021 1.7177717 1.8941449 1.4490829 1.6892406 1.3586554 1.5871219 1.6187702 1.6080515 1.7102354 1.5992485 2.0849945 1.6110557 1.7727200 2.2658039 1.4157064 1.6486546 1.6082220 1.5457152 1.6358572 1.1892682 1.4440542 1.6625494 1.1661854 1.5716322 1.5551600 1.7778421 1.6093963 1.6372837 1.7558795 1.7611416 1.6817822 1.4038668 1.3652598 1.4337841 1.3129065 1.3420526 1.3682547 
GCA_001940655.1_ASM194065v1_genomic_prot.fas                              1.5275861 1.2831463 1.4930968 1.3819793 1.2529657 1.2692712 1.3045737 1.3490844 1.1760693 1.4992323 1.5080877 1.3710156 1.3624982 1.3800040 1.7068652 1.2712708 1.2427343 1.5944002 1.2877524 1.2890115 1.1501554 1.8133572 1.7394998 1.2458465 1.1920609 1.5602110 1.3852719 1.1966925 1.3357602 1.3019729 1.1648689 1.7032643 1.6286110 1.8703828 1.3956916 1.3260503 1.2975535 0.0000000 0.9627141 1.3487994 1.2845041 1.1848337 1.4359921 1.2077708 1.2410210 2.0443506 1.4470579 1.1944826 1.0405264 1.2844516 1.0729587 1.5535711 1.4555916 1.4845819 1.4590835 1.3304692 1.6340601 2.0553285 1.5952536 1.2349396 1.6137302 1.9680138 1.4137702 1.5211483 1.3262128 1.5974302 1.6006677 1.5363480 1.6214292 1.5674615 1.9909228 1.5521671 1.7390051 2.1189039 1.3620365 1.6949790 1.5828635 1.5463475 1.5526015 1.0492080 1.4044917 1.6311734 1.1337675 1.4522479 1.6119018 1.6912102 1.5778213 1.4750305 1.6766936 1.6982952 1.6235169 1.3967451 1.3036876 1.3980045 1.3341761 1.4247192 1.3915814 
