97
Acanthamoeba-castellanii.ap.cs.fa       0.0000000 0.4350969 0.7218637 0.4037022 0.4950630 0.5531695 0.4083598 0.4035868 0.5008562 0.4101292 0.5544700 0.4535380 0.5139250 0.5026625 0.5912047 0.4980768 0.6850571 0.8004018 0.4287312 0.4106697 0.4794172 0.4653816 0.5008898 0.5471323 0.3578749 0.4436586 0.3923494 0.5743563 0.8418984 0.4573210 0.6384448 0.4846396 0.6000797 0.6344579 0.4884582 0.4444055 0.5314007 0.5434760 0.5143360 0.4563067 0.5328061 0.4353320 0.4544973 0.3786727 0.7363064 0.3923008 0.5313416 0.3943241 0.4117334 0.4665829 0.4517959 0.4122186 0.4679774 0.5696192 0.7185222 0.4084662 0.5113870 0.5043857 0.4618078 0.4943662 0.4095377 0.4843323 0.5874094 0.6513076 0.4099784 0.5122516 0.3527015 0.3861663 0.5527451 0.4513772 0.5583663 0.4184325 0.4377889 0.7462481 0.3932819 0.4572929 0.5046016 0.4222068 0.4689944 0.3791505 0.5437211 0.5105834 0.5678644 0.4669471 0.4775533 0.4917217 0.6225368 0.4198959 0.5042830 0.4952228 0.4876779 0.4509755 0.5432779 1.0457274 0.4783731 0.4206873 0.3931315 
Acanthocystis-sp.ap.cs.fa               0.4350969 0.0000000 0.8333676 0.5063151 0.5704739 0.5872033 0.5011194 0.4509350 0.5650380 0.4639506 0.5962992 0.5314861 0.5724173 0.5630938 0.6758933 0.5546539 0.7333020 0.9272503 0.4933877 0.3336170 0.5186076 0.5371423 0.5552406 0.5930468 0.4385056 0.5750478 0.4634497 0.6672455 0.9160149 0.5027323 0.7299101 0.5443265 0.6934712 0.7356866 0.5741369 0.4989203 0.5630563 0.6292790 0.5790770 0.5093293 0.6473481 0.5100925 0.5133735 0.4792495 0.8541678 0.4585736 0.5816890 0.4753570 0.5123354 0.5502224 0.5155629 0.4582239 0.5668170 0.6250358 0.7265119 0.4664890 0.5584911 0.5680714 0.5346492 0.5468078 0.4672914 0.5544738 0.6550475 0.7049396 0.4974888 0.5491778 0.4537526 0.4566675 0.5575542 0.5266200 0.5967465 0.2695993 0.2758606 0.8360964 0.4555538 0.5390272 0.5665133 0.4820415 0.5490634 0.4657821 0.5916136 0.6135760 0.6365157 0.5296912 0.5333165 0.5511309 0.6762781 0.4757876 0.5556989 0.5452089 0.5868485 0.4948453 0.5694755 1.2084621 0.5398188 0.5066542 0.4717250 
Aduncisulcus-paluster.ap.cs.fa          0.7218637 0.8333676 0.0000000 0.7673528 0.8227428 0.8941664 0.8207900 0.7848218 0.8339875 0.7875360 0.9179305 0.7394148 0.8290242 0.8688573 0.9037033 0.8238229 0.7446868 0.7598029 0.7898195 0.7981801 0.8601679 0.8947397 0.8676078 0.8496870 0.7606877 0.8327247 0.7922953 0.9194300 0.7596655 0.8254624 0.8877842 0.8901736 0.9407459 0.6665374 0.7976041 0.8536944 0.8844469 0.8832519 0.8716612 0.8196767 0.9860618 0.8278488 0.8121458 0.7597846 0.8105684 0.7734070 0.8248047 0.7678473 0.7755787 0.8447318 0.7842418 0.7771944 0.8372081 0.8668374 0.7836111 0.7640677 0.8680597 0.8564649 0.7775215 0.8781745 0.7913784 0.8051615 0.9067869 0.9579018 0.7586578 0.8576541 0.7682430 0.7397722 0.8952071 0.8414267 0.8637306 0.8224470 0.8341277 1.0292855 0.7800614 0.7886009 0.8417281 0.8656570 0.8832464 0.7517921 0.8902095 0.8227432 0.8787979 0.7765646 0.8374071 0.7921379 0.8759965 0.7591066 0.8305941 0.8516905 0.8320808 0.8081943 0.8670993 1.0027570 0.7584955 0.7866481 0.7715377 
Allomyces-macrogynus.ap.cs.fa           0.4037022 0.5063151 0.7673528 0.0000000 0.5231225 0.5813497 0.4358816 0.4520425 0.5417307 0.4698945 0.5928534 0.4948431 0.5552495 0.5381636 0.6469882 0.5532830 0.6845492 0.8773320 0.4712005 0.4602871 0.5044489 0.5072030 0.5561496 0.5506458 0.4346833 0.5244730 0.4332443 0.6277181 0.8697979 0.5001838 0.7009988 0.5404547 0.6496456 0.6479227 0.5560412 0.4868124 0.5582637 0.4951894 0.5622252 0.4788404 0.6188350 0.4887132 0.5149996 0.4514438 0.7377934 0.4521496 0.5661663 0.4296654 0.2897762 0.4789548 0.4881613 0.4361853 0.4868269 0.5964772 0.7333228 0.4223880 0.5456609 0.5372647 0.4861125 0.5357326 0.4653970 0.5349974 0.6350307 0.6951779 0.3556130 0.5506451 0.4222715 0.4466694 0.5666725 0.4933128 0.5820716 0.4949155 0.5014057 0.8027861 0.4252239 0.4578704 0.3739055 0.4879284 0.5176006 0.2662654 0.6060093 0.5971850 0.6215945 0.5179672 0.5318620 0.5512935 0.6501081 0.4654003 0.5537915 0.5395125 0.5409220 0.4885235 0.5705770 1.0834687 0.5066417 0.4745189 0.4030580 
Amastigomonas-sp.ap.cs.fa               0.4950630 0.5704739 0.8227428 0.5231225 0.0000000 0.6830741 0.5529228 0.5392811 0.6263770 0.5395266 0.6603877 0.5718279 0.6260103 0.6305447 0.7093835 0.6244675 0.7462366 0.9290985 0.5480811 0.5151872 0.5842184 0.6121167 0.6238661 0.6637978 0.5056282 0.5877054 0.5203544 0.7186480 0.9148120 0.5898976 0.7404487 0.6211738 0.7036359 0.7117800 0.6354534 0.5755954 0.6449459 0.6520550 0.6382961 0.5883130 0.6635468 0.5979548 0.5816097 0.5318994 0.8116575 0.5193369 0.6399853 0.5243363 0.5405516 0.5886330 0.5623425 0.4924376 0.5799526 0.6981364 0.8254501 0.5358985 0.6151296 0.6180377 0.5751695 0.6192734 0.5398099 0.6011128 0.7177316 0.7757507 0.5154967 0.6161243 0.5349820 0.5138637 0.6570657 0.5993738 0.6809264 0.5645198 0.5813889 0.8401738 0.5078917 0.5480562 0.6010273 0.5545098 0.5741261 0.5095245 0.6861320 0.6358758 0.7140428 0.5835724 0.6011978 0.6173512 0.7360106 0.5336637 0.6197053 0.6080192 0.4135588 0.5575397 0.6661190 1.1310143 0.5743073 0.5560934 0.5155789 
Amphidinium-carterae.ap.cs.fa           0.5531695 0.5872033 0.8941664 0.5813497 0.6830741 0.0000000 0.6082281 0.5637262 0.6598820 0.5605767 0.6478642 0.6140089 0.6356607 0.6435990 0.7381708 0.6029433 0.8458707 0.9942640 0.5612129 0.5531619 0.6121522 0.5833704 0.6381869 0.6735159 0.5418596 0.6622808 0.5613277 0.7310636 1.0357637 0.5757772 0.7854390 0.5911623 0.8163863 0.8276380 0.6394267 0.6050901 0.6158310 0.7386888 0.6213401 0.6333575 0.7631497 0.5666588 0.6024675 0.5797533 0.8527247 0.5454311 0.6186416 0.5975012 0.6107615 0.6491834 0.5885797 0.5463441 0.6485539 0.7312765 0.8752934 0.5751340 0.6129024 0.3613348 0.6424096 0.6004971 0.5487801 0.6197642 0.6935742 0.7446862 0.6052108 0.6039726 0.5781501 0.5423685 0.2234535 0.6136568 0.2281549 0.5946546 0.6093301 0.8847583 0.5528963 0.6336072 0.6691896 0.5784590 0.6424980 0.5648970 0.6326650 0.7294839 0.6805918 0.5831626 0.6137388 0.6365418 0.7168551 0.5548376 0.6157147 0.5943906 0.6896710 0.5907770 0.1996343 1.2703167 0.6364947 0.5704932 0.5892464 
Amphimedon-queenslandica.ap.cs.fa       0.4083598 0.5011194 0.8207900 0.4358816 0.5529228 0.6082281 0.0000000 0.4612243 0.5547160 0.4624767 0.6025039 0.5162222 0.5522220 0.5480016 0.6487872 0.5486893 0.7373000 0.8997383 0.4818589 0.4796666 0.5167188 0.5094424 0.5561269 0.5884810 0.4307878 0.5203246 0.4353069 0.6306187 0.9049193 0.5135446 0.6832516 0.5235630 0.6529262 0.6976042 0.5634008 0.5066369 0.5776969 0.5724717 0.5785697 0.4962557 0.5992864 0.4794059 0.5129555 0.4596506 0.8067049 0.4502839 0.5719172 0.2770808 0.4416478 0.3384073 0.4963234 0.4324942 0.4094756 0.6070626 0.7767468 0.2683856 0.5669335 0.5660239 0.4920544 0.5502847 0.4493217 0.5413999 0.6544844 0.7179425 0.4278372 0.5653905 0.4455741 0.4462896 0.5839036 0.5224788 0.6154765 0.4915462 0.4951256 0.7627115 0.4474405 0.3860946 0.5027583 0.4798950 0.5097484 0.3943620 0.5922070 0.5949768 0.6401381 0.5209393 0.5372811 0.5563228 0.6634182 0.4747078 0.5784253 0.5542317 0.5426830 0.5182065 0.5949867 1.1222102 0.5142861 0.4943071 0.2594246 
Ancoracysta-twista.ap.cs.fa             0.4035868 0.4509350 0.7848218 0.4520425 0.5392811 0.5637262 0.4612243 0.0000000 0.5289213 0.4281743 0.5490452 0.4819340 0.5010979 0.5144169 0.6055135 0.5195355 0.7143448 0.8896865 0.4511676 0.4418831 0.4818245 0.4754556 0.5189661 0.5754877 0.3702412 0.5162493 0.4255682 0.6277165 0.8601271 0.4802408 0.6800217 0.4966993 0.6936934 0.6744412 0.5064008 0.4714968 0.5419331 0.5610611 0.5380689 0.5065648 0.5440217 0.4519798 0.4669904 0.4304131 0.7924722 0.4067520 0.5284644 0.4406946 0.4524896 0.4696991 0.4514484 0.4228654 0.5016473 0.5881552 0.8532411 0.4171522 0.5218377 0.5075679 0.4847085 0.5084687 0.4235957 0.4785822 0.6558685 0.7138450 0.4426634 0.5184680 0.4134139 0.3949965 0.5624862 0.4954869 0.5639593 0.4513816 0.4660364 0.8253616 0.4301787 0.5035675 0.5315419 0.4282726 0.4814372 0.4194566 0.5751199 0.5530427 0.6379151 0.4649160 0.4773268 0.4523326 0.6663070 0.4233456 0.5122766 0.5167017 0.5562628 0.4676763 0.5507772 1.1337931 0.5406835 0.4468970 0.4387410 
Ancyromonas-sigmoides.ap.cs.fa          0.5008562 0.5650380 0.8339875 0.5417307 0.6263770 0.6598820 0.5547160 0.5289213 0.0000000 0.5362495 0.6433924 0.5625225 0.6191305 0.6337974 0.6998449 0.6189368 0.7699053 0.9576087 0.5629846 0.5442855 0.5508506 0.5969736 0.5896447 0.6205982 0.4954306 0.6085052 0.5070764 0.7023431 0.9587653 0.5660302 0.7486805 0.5945371 0.7669622 0.7251261 0.6222753 0.4641809 0.6290609 0.6767165 0.6304642 0.6040613 0.7156068 0.5471617 0.5698400 0.5143156 0.8232157 0.5220777 0.6449086 0.5348228 0.5719548 0.6078861 0.5510488 0.4867057 0.5992152 0.7092108 0.8209561 0.5370126 0.5994333 0.6104950 0.4331515 0.6121318 0.5286085 0.5830288 0.7424290 0.8026750 0.5453564 0.6157183 0.5256722 0.5126184 0.6465700 0.5593260 0.6676926 0.5689713 0.5702196 0.8940138 0.5064711 0.5533646 0.6200306 0.5646833 0.5799788 0.5217970 0.6683124 0.6688375 0.7353839 0.5365246 0.5729333 0.5871786 0.7547977 0.5290938 0.6193737 0.6067644 0.5873662 0.5797217 0.6566021 1.1942382 0.5107180 0.5598212 0.5252858 
Arabidopsis-thaliana.ap.cs.fa           0.4101292 0.4639506 0.7875360 0.4698945 0.5395266 0.5605767 0.4624767 0.4281743 0.5362495 0.0000000 0.5556130 0.3608833 0.4152467 0.5174696 0.6558157 0.5176787 0.7240980 0.9077112 0.3283741 0.4543011 0.4754006 0.4777809 0.5139399 0.5376080 0.3924837 0.5362972 0.4037670 0.6073487 0.8628074 0.4695624 0.7070354 0.4944568 0.6730469 0.6730395 0.5357485 0.4725122 0.5406610 0.5939534 0.5422597 0.4589395 0.5927388 0.4381241 0.4511692 0.4323800 0.7908378 0.2162735 0.5484766 0.4572317 0.4612833 0.5097702 0.3343332 0.2958900 0.5208746 0.5899304 0.7402399 0.4460562 0.5226831 0.4421379 0.4786830 0.5250633 0.1469789 0.3901377 0.6453174 0.6921848 0.4622642 0.5253670 0.4412613 0.1724897 0.5457730 0.4700169 0.5772299 0.4659648 0.4776879 0.7983528 0.4073985 0.5111150 0.5296422 0.2024837 0.4817944 0.4249791 0.5829401 0.5719065 0.6276398 0.4638179 0.4877607 0.4914765 0.6629312 0.3060361 0.5214294 0.5095561 0.5688355 0.4777839 0.5527659 1.1393560 0.5080759 0.3423045 0.4448726 
Aureococcus-anophagefferens.ap.cs.fa    0.5544700 0.5962992 0.9179305 0.5928534 0.6603877 0.6478642 0.6025039 0.5490452 0.6433924 0.5556130 0.0000000 0.5845624 0.6046506 0.6055623 0.7441483 0.4138880 0.8489082 0.9392326 0.5592339 0.5521310 0.6095004 0.5671335 0.6347860 0.6812666 0.5085832 0.6607788 0.5662421 0.7284119 1.0165186 0.3828416 0.7976302 0.5793172 0.8290226 0.7808628 0.6051406 0.5621497 0.4507227 0.7189855 0.4255319 0.6179976 0.7682915 0.5773206 0.5844439 0.5686443 0.8970708 0.5221564 0.4580376 0.5722701 0.5525147 0.6125814 0.5528442 0.5068445 0.5923153 0.7238859 0.7072180 0.5423201 0.4430604 0.6211964 0.6195514 0.4212197 0.5473093 0.5904426 0.7471942 0.8074237 0.5814375 0.4367928 0.5421124 0.4873479 0.6278766 0.6007177 0.6622675 0.5787513 0.5797513 0.9181929 0.5357797 0.6203945 0.6530088 0.5370075 0.6297381 0.5426802 0.6901898 0.7561454 0.7359186 0.5465075 0.6023896 0.6088921 0.7808376 0.5096980 0.4093479 0.3859822 0.6641889 0.4449679 0.6353539 1.2472489 0.6252785 0.5394779 0.5616213 
Auxenochlorella-protothecoides.ap.cs.fa 0.4535380 0.5314861 0.7394148 0.4948431 0.5718279 0.6140089 0.5162222 0.4819340 0.5625225 0.3608833 0.5845624 0.0000000 0.4393889 0.5969113 0.6673223 0.5762589 0.7395714 0.8532158 0.2794285 0.5040453 0.5071578 0.5295981 0.5587651 0.5747386 0.4392999 0.6009059 0.4697185 0.6426516 0.8716362 0.5223578 0.7364737 0.5444499 0.7031577 0.6958676 0.5870536 0.5103858 0.5767079 0.5969382 0.5939057 0.5102833 0.6258242 0.4894864 0.5252327 0.4997164 0.8295160 0.3351405 0.5916940 0.5243554 0.4921000 0.5554935 0.3616675 0.2490641 0.5354544 0.6355359 0.7277864 0.5001994 0.5767180 0.4504463 0.5222624 0.5692321 0.3607633 0.4108691 0.7045329 0.7222401 0.4846752 0.5644123 0.4937441 0.3284485 0.5816208 0.4998074 0.6099262 0.5296498 0.5288524 0.8406556 0.4377613 0.5371815 0.5476522 0.3708111 0.5407440 0.4570206 0.6341419 0.6436658 0.6893399 0.5177405 0.5509711 0.5491842 0.6964671 0.2850090 0.5729038 0.5519361 0.6085494 0.5105143 0.5894415 1.1421851 0.5648909 0.2828247 0.4981653 
Bathycoccus-prasinos.ap.cs.fa           0.5139250 0.5724173 0.8290242 0.5552495 0.6260103 0.6356607 0.5522220 0.5010979 0.6191305 0.4152467 0.6046506 0.4393889 0.0000000 0.6003693 0.7002827 0.5546174 0.7878001 0.9620170 0.3998093 0.5347703 0.5442446 0.5651758 0.5824394 0.6313954 0.4810315 0.6243933 0.5204954 0.6867864 0.9180569 0.5349547 0.7978110 0.5613560 0.7773599 0.7528858 0.5905611 0.5342302 0.5974283 0.6656676 0.5904299 0.5718016 0.6771156 0.5247805 0.5289636 0.5457151 0.9071779 0.3772327 0.5790936 0.5508520 0.5503922 0.5898127 0.2353997 0.3722763 0.5701478 0.6929500 0.8075698 0.5193945 0.5713539 0.5091544 0.5899999 0.5630407 0.4086560 0.2361022 0.7293133 0.7823733 0.5433709 0.5815433 0.5390989 0.3714476 0.6244493 0.5477955 0.6490843 0.5619535 0.5722201 0.9326729 0.5004516 0.5846303 0.6170871 0.4145523 0.6163523 0.5167106 0.6896665 0.6725381 0.7123304 0.5600146 0.5679034 0.5763308 0.7393647 0.3750165 0.5688218 0.5474524 0.6332876 0.5280607 0.6174117 1.2027849 0.6097409 0.4008146 0.5282577 
Bigelowiella-natans.ap.cs.fa            0.5026625 0.5630938 0.8688573 0.5381636 0.6305447 0.6435990 0.5480016 0.5144169 0.6337974 0.5174696 0.6055623 0.5969113 0.6003693 0.0000000 0.7184970 0.5860046 0.7835480 1.0384469 0.5350208 0.5382660 0.5694877 0.5991002 0.6140634 0.6372679 0.4900869 0.6326507 0.5191357 0.6935096 0.9800421 0.5438573 0.6740347 0.5968356 0.7487097 0.7516989 0.6198048 0.5384025 0.6024764 0.6789556 0.5966527 0.5857816 0.6281946 0.5224121 0.5624656 0.5463569 0.8482624 0.5060579 0.5944867 0.5390853 0.5504863 0.6008616 0.5406173 0.4888504 0.5892480 0.6371679 0.8794626 0.5145233 0.5655922 0.5982929 0.5855138 0.5861327 0.5235204 0.5856883 0.7076818 0.7542852 0.5504239 0.5885001 0.5072148 0.4997183 0.6153046 0.5826849 0.6412449 0.5538686 0.5586976 0.7995297 0.5044586 0.5830653 0.6155302 0.5126238 0.5296881 0.5183588 0.6543751 0.6687395 0.6887642 0.5669615 0.5753085 0.5696800 0.7186220 0.5168966 0.6016836 0.5834823 0.6277059 0.5367629 0.6258126 1.2066465 0.5968622 0.5345353 0.5148299 
Bodo-saltans.ap.cs.fa                   0.5912047 0.6758933 0.9037033 0.6469882 0.7093835 0.7381708 0.6487872 0.6055135 0.6998449 0.6558157 0.7441483 0.6673223 0.7002827 0.7184970 0.0000000 0.7022680 0.8129056 1.0573542 0.6484897 0.6309914 0.6574689 0.6826562 0.6958765 0.7610672 0.6192684 0.6954240 0.6135412 0.5730584 1.0251187 0.6786894 0.8278220 0.6893812 0.7778149 0.8609710 0.5169737 0.6836100 0.7137732 0.7651929 0.7363995 0.6716908 0.7644986 0.6480195 0.6686350 0.6398788 0.9150880 0.6310558 0.7456924 0.6420125 0.6878203 0.6883728 0.6629438 0.6065175 0.7089610 0.7108151 1.0430169 0.6543214 0.7089880 0.6917241 0.6739780 0.7207877 0.6378924 0.6814430 0.8135189 0.8121313 0.6514002 0.7010428 0.6258604 0.6368572 0.7311869 0.6779785 0.7480572 0.6733277 0.6394305 0.9355102 0.6079249 0.6841067 0.7285063 0.6734186 0.7149114 0.6349827 0.7578922 0.6592514 0.7937101 0.5985445 0.6093963 0.6244692 0.8090238 0.6489166 0.7343772 0.7095634 0.7085080 0.6751039 0.7209989 1.2307093 0.6853875 0.6467562 0.6296853 
Bolidomonas-pacifica.ap.cs.fa           0.4980768 0.5546539 0.8238229 0.5532830 0.6244675 0.6029433 0.5486893 0.5195355 0.6189368 0.5176787 0.4138880 0.5762589 0.5546174 0.5860046 0.7022680 0.0000000 0.7746113 0.9422587 0.5239719 0.5325968 0.5660006 0.5211517 0.5844385 0.6572292 0.4774719 0.6217173 0.5312681 0.6963743 0.9139373 0.3466621 0.7407794 0.5512830 0.7525260 0.7449959 0.5959597 0.5401022 0.2624876 0.6823040 0.2731897 0.5801647 0.6941410 0.5589126 0.5544952 0.5223379 0.8749798 0.5061929 0.2262720 0.5406406 0.5465467 0.6009164 0.5168195 0.4870879 0.5858150 0.6806795 0.6573580 0.5148309 0.2521288 0.5934046 0.5873403 0.2294462 0.5152268 0.5588767 0.7088832 0.7758367 0.5522188 0.2445243 0.5021215 0.4978096 0.5812530 0.5698527 0.6118625 0.5531226 0.5566829 0.8586814 0.5123829 0.5827727 0.6068618 0.5266971 0.5927953 0.5221685 0.6299833 0.6673939 0.6900245 0.5415401 0.5647052 0.5844292 0.7148859 0.5258168 0.2382016 0.2245830 0.6347222 0.3960600 0.5920080 1.2134451 0.6036911 0.5320569 0.5363210 
Carpediemonas-membranifera.ap.cs.fa     0.6850571 0.7333020 0.7446868 0.6845492 0.7462366 0.8458707 0.7373000 0.7143448 0.7699053 0.7240980 0.8489082 0.7395714 0.7878001 0.7835480 0.8129056 0.7746113 0.0000000 0.8771507 0.7412744 0.7186100 0.7605007 0.8073732 0.8202673 0.7640044 0.6919809 0.7866331 0.7189536 0.8659345 0.8328259 0.7715119 0.8790981 0.7886475 0.8577752 0.6713757 0.7820452 0.7587222 0.8238869 0.7841597 0.7965239 0.7460349 0.9085361 0.7778892 0.7442892 0.7129242 0.7658690 0.7033090 0.8145810 0.7129586 0.7163905 0.7743757 0.7348811 0.6541652 0.7535953 0.7854682 1.0803083 0.6981283 0.7797627 0.7931979 0.7372371 0.8029674 0.7300234 0.7538447 0.8627447 0.9284867 0.7051691 0.7774057 0.7023390 0.6956552 0.8212897 0.7657510 0.8587103 0.7375008 0.7315817 0.9871711 0.7051815 0.7223908 0.7414073 0.7527595 0.7828600 0.6903884 0.7925883 0.8093548 0.8446243 0.7271711 0.7547984 0.7535202 0.8813573 0.6910207 0.8040194 0.7746331 0.7836043 0.7415135 0.8312833 1.0786764 0.7045531 0.7416487 0.7104306 
Chilomastix-cuspidata.ap.cs.fa          0.8004018 0.9272503 0.7598029 0.8773320 0.9290985 0.9942640 0.8997383 0.8896865 0.9576087 0.9077112 0.9392326 0.8532158 0.9620170 1.0384469 1.0573542 0.9422587 0.8771507 0.0000000 0.8923897 0.9228633 0.9482929 1.0004778 0.9880630 0.9331539 0.8873161 0.9692674 0.8672797 1.0549274 0.6970459 0.9383876 1.0239558 1.0257133 0.9692752 0.7882531 0.9463860 0.9505321 0.9660840 0.9847948 0.9385390 0.9009618 0.9249456 0.9914020 0.9441500 0.9591538 0.9086283 0.8599812 0.9616569 0.8940277 0.8943853 0.9674766 0.9271795 0.8814026 0.9328568 0.9914667 1.1749852 0.8956362 0.9483766 0.9967249 0.9291352 0.9576896 0.8912841 0.9587406 1.0161804 1.0703184 0.9442582 0.9483812 0.8609925 0.8785193 0.9721376 0.9196583 1.0100575 0.9251939 0.9158821 1.1655536 0.8653230 0.8655940 0.9165144 0.8858840 1.0232483 0.8943839 1.0232376 0.9109871 1.0311757 0.9373398 0.9639818 1.0027855 1.0392794 0.9124336 0.9695872 0.9345923 0.9570424 0.8746150 0.9621299 1.1187382 0.8613726 0.8970918 0.9011954 
Chlamydomonas-reinhardtii.ap.cs.fa      0.4287312 0.4933877 0.7898195 0.4712005 0.5480811 0.5612129 0.4818589 0.4511676 0.5629846 0.3283741 0.5592339 0.2794285 0.3998093 0.5350208 0.6484897 0.5239719 0.7412744 0.8923897 0.0000000 0.4747980 0.4945064 0.4801942 0.5099448 0.5359428 0.3988959 0.5660920 0.4328276 0.6150500 0.9029859 0.4867391 0.7161228 0.4904608 0.6927613 0.6821575 0.5398827 0.4870254 0.5429587 0.5967523 0.5429423 0.4688655 0.6084156 0.4590482 0.4747574 0.4615622 0.8092442 0.2933596 0.5492570 0.4830791 0.4683879 0.5217392 0.3371106 0.1836562 0.5226277 0.6173993 0.7034124 0.4631490 0.5210769 0.3763275 0.4945399 0.5238535 0.3186980 0.3745519 0.6432278 0.7112550 0.4766116 0.5324504 0.4669046 0.2923735 0.5493886 0.4793609 0.5728579 0.4858966 0.4928926 0.8087750 0.4201462 0.5196623 0.5422583 0.3320514 0.5187754 0.4389093 0.6015912 0.6085437 0.6315217 0.4840434 0.5011709 0.5115969 0.6571166 0.2556194 0.5343174 0.5174353 0.5819956 0.4894612 0.5537400 1.1466761 0.5539841 0.0544943 0.4593713 
Choanocystis-sp.ap.cs.fa                0.4106697 0.3336170 0.7981801 0.4602871 0.5151872 0.5531619 0.4796666 0.4418831 0.5442855 0.4543011 0.5521310 0.5040453 0.5347703 0.5382660 0.6309914 0.5325968 0.7186100 0.9228633 0.4747980 0.0000000 0.4923340 0.5044345 0.5324211 0.5733017 0.4141061 0.5408225 0.4242466 0.6354190 0.9367572 0.4778066 0.7072753 0.5160679 0.6814445 0.7016632 0.5483016 0.4786579 0.5279677 0.6032054 0.5414005 0.4839122 0.6178094 0.4510990 0.4771830 0.4493390 0.8143526 0.4347290 0.5581786 0.4517002 0.4613512 0.5321902 0.4725978 0.4216519 0.5386921 0.5921410 0.7170147 0.4599230 0.5256958 0.5160414 0.5029053 0.5129199 0.4481744 0.5003210 0.6381841 0.6838928 0.4596462 0.5173415 0.4534756 0.4350441 0.5334383 0.4956125 0.5652261 0.3304081 0.3488083 0.8144096 0.4074481 0.5130465 0.5335964 0.4647587 0.5010344 0.4247694 0.5708621 0.5944834 0.6196274 0.4812001 0.5078587 0.5208596 0.6501735 0.4491531 0.5296803 0.5057426 0.5557421 0.4790545 0.5304917 1.1833399 0.5225847 0.4801934 0.4485586 
Chondrus-crispus.ap.cs.fa               0.4794172 0.5186076 0.8601679 0.5044489 0.5842184 0.6121522 0.5167188 0.4818245 0.5508506 0.4754006 0.6095004 0.5071578 0.5442446 0.5694877 0.6574689 0.5660006 0.7605007 0.9482929 0.4945064 0.4923340 0.0000000 0.5307160 0.5482639 0.4517154 0.4708529 0.5988621 0.4673672 0.6527658 0.9481534 0.5421105 0.7486493 0.5317817 0.7208724 0.7305763 0.5771112 0.5137876 0.6015396 0.6242207 0.5937049 0.3764811 0.6696135 0.5089746 0.5140124 0.5100075 0.8238000 0.4592391 0.5839053 0.5007382 0.5141373 0.5558236 0.5070794 0.4652930 0.5433173 0.6365110 0.7652335 0.4901076 0.5570721 0.5559858 0.5308967 0.5547743 0.4650214 0.5264335 0.6911868 0.7915392 0.4997053 0.5678691 0.5052002 0.4559706 0.6307548 0.3043724 0.6216941 0.5133947 0.5231358 0.8893744 0.4511536 0.5438995 0.5951378 0.4851259 0.5674208 0.4736755 0.6088954 0.6118957 0.6710974 0.5333417 0.5327147 0.5414884 0.7210215 0.4666634 0.5722674 0.5578887 0.5970573 0.5342402 0.6023605 1.1585833 0.5757432 0.4950761 0.4868987 
Chrysochromulina-sp.ap.cs.fa            0.4653816 0.5371423 0.8947397 0.5072030 0.6121167 0.5833704 0.5094424 0.4754556 0.5969736 0.4777809 0.5671335 0.5295981 0.5651758 0.5991002 0.6826562 0.5211517 0.8073732 1.0004778 0.4801942 0.5044345 0.5307160 0.0000000 0.5724044 0.6221362 0.4296094 0.5930367 0.4844795 0.6611978 1.0396354 0.4938354 0.7379841 0.2275722 0.7479152 0.7653685 0.5823085 0.4919751 0.5758575 0.6603499 0.5633038 0.5650317 0.7265014 0.4908588 0.5279344 0.4995945 0.8276235 0.4608944 0.5552973 0.5287941 0.4989517 0.5617681 0.4999486 0.4269764 0.5694165 0.6873030 0.7526306 0.4776810 0.5534704 0.5347345 0.5544137 0.5518719 0.4665289 0.5355954 0.7211894 0.7444385 0.5056720 0.5573135 0.4902639 0.4445789 0.5658379 0.5295668 0.5793327 0.5190555 0.5273970 0.8896676 0.4643388 0.5741960 0.5956512 0.4873723 0.5162105 0.4752949 0.6407706 0.6648524 0.7096246 0.4942921 0.5165156 0.5344257 0.7145295 0.4760334 0.5504797 0.5266606 0.6477315 0.5113924 0.5588470 1.2662632 0.5975296 0.4948911 0.4918026 
Cryptophyceae-sp.ap.cs.fa               0.5008898 0.5552406 0.8676078 0.5561496 0.6238661 0.6381869 0.5561269 0.5189661 0.5896447 0.5139399 0.6347860 0.5587651 0.5824394 0.6140634 0.6958765 0.5844385 0.8202673 0.9880630 0.5099448 0.5324211 0.5482639 0.5724044 0.0000000 0.6380779 0.4959715 0.6350965 0.5244126 0.6920780 0.9539071 0.5759416 0.7931606 0.5578745 0.7899339 0.7821773 0.6045013 0.5516254 0.6267045 0.6968516 0.6306119 0.5608296 0.7694099 0.4309926 0.1829455 0.5433021 0.9230582 0.4849182 0.5957918 0.5385643 0.5710711 0.6075150 0.5268804 0.4834998 0.5900951 0.6857884 0.8062860 0.5423856 0.6077318 0.5652477 0.5771831 0.6168946 0.4988867 0.5509229 0.7392523 0.7950854 0.5520076 0.6278243 0.5319362 0.4919485 0.6259604 0.5558112 0.6481368 0.5564198 0.5624039 0.9084284 0.4982222 0.5850359 0.5899846 0.5313422 0.6083403 0.5163186 0.6743705 0.6419627 0.7145605 0.5581023 0.5701682 0.5890065 0.7641221 0.4995368 0.5911555 0.5912723 0.6519160 0.5548854 0.6303417 1.2259915 0.6111626 0.5150459 0.5286830 
Cyanidioschyzon-merolae.ap.cs.fa        0.5471323 0.5930468 0.8496870 0.5506458 0.6637978 0.6735159 0.5884810 0.5754877 0.6205982 0.5376080 0.6812666 0.5747386 0.6313954 0.6372679 0.7610672 0.6572292 0.7640044 0.9331539 0.5359428 0.5733017 0.4517154 0.6221362 0.6380779 0.0000000 0.5229463 0.6616591 0.5231542 0.7372097 1.0015752 0.5977045 0.7697383 0.6084314 0.7390093 0.7373378 0.6646234 0.5886148 0.6485207 0.6779044 0.6726452 0.4207687 0.7677880 0.5942984 0.5973511 0.5773390 0.8029919 0.5186563 0.6808209 0.5504206 0.6010006 0.6402732 0.5619632 0.4847012 0.6255367 0.7346013 0.7688162 0.5880077 0.6562667 0.6063409 0.5949460 0.6341083 0.5262875 0.6011225 0.7160134 0.7837791 0.5690879 0.6465111 0.5822528 0.5292742 0.6534490 0.4313265 0.6916626 0.5850369 0.5815658 0.8730759 0.5259337 0.5994543 0.6161811 0.5591746 0.6297187 0.5357225 0.6681293 0.6976538 0.7095881 0.5805169 0.6064893 0.6387278 0.7541399 0.5333370 0.6682579 0.6340645 0.6745314 0.6047774 0.6548955 1.1920112 0.5942263 0.5578038 0.5431061 
Cyanophora-paradoxa.ap.cs.fa            0.3578749 0.4385056 0.7606877 0.4346833 0.5056282 0.5418596 0.4307878 0.3702412 0.4954306 0.3924837 0.5085832 0.4392999 0.4810315 0.4900869 0.6192684 0.4774719 0.6919809 0.8873161 0.3988959 0.4141061 0.4708529 0.4296094 0.4959715 0.5229463 0.0000000 0.4946750 0.3900456 0.5728075 0.8403249 0.4522197 0.6504322 0.4698884 0.6488629 0.6189122 0.4948886 0.4321917 0.5210877 0.5754574 0.5060103 0.4467588 0.5255672 0.4088108 0.4353615 0.3961009 0.7174106 0.3601432 0.4986358 0.4264758 0.4187329 0.4572854 0.4093247 0.3801295 0.4683562 0.5608418 0.6600701 0.3862357 0.4958481 0.4756300 0.4337913 0.4927883 0.3844132 0.4551363 0.6098186 0.6400091 0.4199803 0.5007719 0.3964153 0.3472174 0.5339249 0.4515360 0.5367498 0.4328366 0.4470607 0.7417313 0.3676638 0.4935937 0.5003069 0.3899439 0.4620665 0.3904055 0.5411488 0.5184272 0.5887332 0.4539446 0.4693769 0.4580314 0.6517605 0.3886260 0.4798997 0.4628221 0.5221047 0.4505157 0.5263784 1.0538086 0.4716693 0.3998053 0.3928676 
Dictyostelium-discoideum.ap.cs.fa       0.4436586 0.5750478 0.8327247 0.5244730 0.5877054 0.6622808 0.5203246 0.5162493 0.6085052 0.5362972 0.6607788 0.6009059 0.6243933 0.6326507 0.6954240 0.6217173 0.7866331 0.9692674 0.5660920 0.5408225 0.5988621 0.5930367 0.6350965 0.6616591 0.4946750 0.0000000 0.5067032 0.7003244 0.9669482 0.5889989 0.7248308 0.6140056 0.6968893 0.7463283 0.6048989 0.5802282 0.6561640 0.6377677 0.6349000 0.5862170 0.6455379 0.5736666 0.5847308 0.5070162 0.9011809 0.5179842 0.6309532 0.5046447 0.5290847 0.5711245 0.5685774 0.5264848 0.5957005 0.6686300 0.8337255 0.5102180 0.6262637 0.6457969 0.5868352 0.6406047 0.5421662 0.6045494 0.6985607 0.7518314 0.4901069 0.6274060 0.3961576 0.5243448 0.6281939 0.6205780 0.6704838 0.5641370 0.5703207 0.8798866 0.5032797 0.5622042 0.5954728 0.5621785 0.5660634 0.4969755 0.6280339 0.6423411 0.6849992 0.5870601 0.5930294 0.6062123 0.6974050 0.5575429 0.6486133 0.6170594 0.6182912 0.5614568 0.6577759 1.1768755 0.5747816 0.5775068 0.4953087 
Diphylleia-rotans.ap.cs.fa              0.3923494 0.4634497 0.7922953 0.4332443 0.5203544 0.5613277 0.4353069 0.4255682 0.5070764 0.4037670 0.5662421 0.4697185 0.5204954 0.5191357 0.6135412 0.5312681 0.7189536 0.8672797 0.4328276 0.4242466 0.4673672 0.4844795 0.5244126 0.5231542 0.3900456 0.5067032 0.0000000 0.6093740 0.8601203 0.4783396 0.6558121 0.4875902 0.6508685 0.6806134 0.5218970 0.4643708 0.5505054 0.5748537 0.5471046 0.4543090 0.5442081 0.4353324 0.4654714 0.4239406 0.7603296 0.3939311 0.5475366 0.4397801 0.4500052 0.5043616 0.4563080 0.4135602 0.5052402 0.5906734 0.7240693 0.4441109 0.5341312 0.5060440 0.4782976 0.5226994 0.4017411 0.4959195 0.6108041 0.6670597 0.4267188 0.5273609 0.4176712 0.4017639 0.5370151 0.4563533 0.5651638 0.4536712 0.4664755 0.7609036 0.3024137 0.4744404 0.5105094 0.4366220 0.4815148 0.4065079 0.5525521 0.5417154 0.5936576 0.5057235 0.5093062 0.5256174 0.6233959 0.4344518 0.5335061 0.5162978 0.5448470 0.4716553 0.5560337 1.1045421 0.4757488 0.4465737 0.4303692 
Diplonema-papillatum.ap.cs.fa           0.5743563 0.6672455 0.9194300 0.6277181 0.7186480 0.7310636 0.6306187 0.6277165 0.7023431 0.6073487 0.7284119 0.6426516 0.6867864 0.6935096 0.5730584 0.6963743 0.8659345 1.0549274 0.6150500 0.6354190 0.6527658 0.6611978 0.6920780 0.7372097 0.5728075 0.7003244 0.6093740 0.0000000 1.0672146 0.6417488 0.8114100 0.6471335 0.8112417 0.8474677 0.5107441 0.6366189 0.7122108 0.7522568 0.7176841 0.6593132 0.7264390 0.6212453 0.6398419 0.6216572 0.9797150 0.5893767 0.7286875 0.6186412 0.6546258 0.6723088 0.6355071 0.5484031 0.6959483 0.7074526 0.9730649 0.6226351 0.7122817 0.6869002 0.6814907 0.7028737 0.6023342 0.6730201 0.7931558 0.8730604 0.6258314 0.6965847 0.6195347 0.5885331 0.7036238 0.6764506 0.7376489 0.6548024 0.6345400 0.9495241 0.5980942 0.6610811 0.6959358 0.6163726 0.6753694 0.6193931 0.7560614 0.6986300 0.7896470 0.6050545 0.6313060 0.6480472 0.8213190 0.6124515 0.7070579 0.6755286 0.7037440 0.6502722 0.7005857 1.3056972 0.6372322 0.6349557 0.6130303 
Dysnectes-brevis.ap.cs.fa               0.8418984 0.9160149 0.7596655 0.8697979 0.9148120 1.0357637 0.9049193 0.8601271 0.9587653 0.8628074 1.0165186 0.8716362 0.9180569 0.9800421 1.0251187 0.9139373 0.8328259 0.6970459 0.9029859 0.9367572 0.9481534 1.0396354 0.9539071 1.0015752 0.8403249 0.9669482 0.8601203 1.0672146 0.0000000 0.9255616 0.9241175 0.9956013 0.9121028 0.7163289 0.9778058 0.9417475 0.9626350 1.0202724 0.9423887 0.8892015 1.0018590 0.9160791 0.8895047 0.8803841 0.6549079 0.8571975 0.9364435 0.8850716 0.8428113 0.9403700 0.8666410 0.8620285 0.8977814 0.9691524 0.8938688 0.9151124 0.9681098 1.0566162 0.9558780 0.9332127 0.8577197 0.9294857 0.9558747 1.0011714 0.8590674 0.9011563 0.8793012 0.8463231 1.0160452 0.9498293 1.0235641 0.8915919 0.8886322 1.1528113 0.8686605 0.8696816 0.9185141 0.9134247 0.9622113 0.8498302 0.9114417 0.8791902 0.9582207 0.8892264 0.9107380 0.9181669 0.9140873 0.8744702 0.9837910 0.9398335 0.9011945 0.9020055 1.0037514 0.7252353 0.8196978 0.9258148 0.8789304 
Ectocarpus-siliculosus.ap.cs.fa         0.4573210 0.5027323 0.8254624 0.5001838 0.5898976 0.5757772 0.5135446 0.4802408 0.5660302 0.4695624 0.3828416 0.5223578 0.5349547 0.5438573 0.6786894 0.3466621 0.7715119 0.9383876 0.4867391 0.4778066 0.5421105 0.4938354 0.5759416 0.5977045 0.4522197 0.5889989 0.4783396 0.6417488 0.9255616 0.0000000 0.6996454 0.5090562 0.7278355 0.7179511 0.5621238 0.5072233 0.3788425 0.6213812 0.3854109 0.5448167 0.6330972 0.5004236 0.5222527 0.4907355 0.8246378 0.4481955 0.3621084 0.4983989 0.5060052 0.5474971 0.4820012 0.4453050 0.5581411 0.6527776 0.6257250 0.4680277 0.3649811 0.5510429 0.5263819 0.3469785 0.4597849 0.5279274 0.6680755 0.7229188 0.4851158 0.3607988 0.4728188 0.4409901 0.5600799 0.5141170 0.5747467 0.5055626 0.5145741 0.8326812 0.4714528 0.5443718 0.5747817 0.4754274 0.5377850 0.4586465 0.6068664 0.6195851 0.6559801 0.5145673 0.5355559 0.5474637 0.6912414 0.4802466 0.3599133 0.3479926 0.5811267 0.3527042 0.5670688 1.1750583 0.5510277 0.4913951 0.4806300 
Elphidium-margaritaceum.ap.cs.fa        0.6384448 0.7299101 0.8877842 0.7009988 0.7404487 0.7854390 0.6832516 0.6800217 0.7486805 0.7070354 0.7976302 0.7364737 0.7978110 0.6740347 0.8278220 0.7407794 0.8790981 1.0239558 0.7161228 0.7072753 0.7486493 0.7379841 0.7931606 0.7697383 0.6504322 0.7248308 0.6558121 0.8114100 0.9241175 0.6996454 0.0000000 0.7797582 0.8402875 0.8382139 0.7363889 0.7233694 0.7517311 0.7910426 0.7289446 0.7222057 0.7586620 0.7129299 0.7338899 0.7262798 1.0179602 0.6763748 0.7516089 0.6580885 0.7285366 0.7139466 0.7032138 0.6733325 0.7202969 0.7585651 1.0762812 0.6592252 0.7113333 0.7715768 0.7266113 0.7541484 0.6904298 0.7638955 0.7685783 0.8467024 0.7082933 0.7209803 0.6365469 0.6860457 0.7671006 0.7321360 0.7893380 0.7055430 0.7160560 0.4001364 0.6645231 0.6933206 0.7641149 0.7242860 0.7510523 0.6929584 0.7663292 0.7488566 0.7808777 0.7414891 0.7404048 0.7637761 0.8148230 0.7145680 0.7705991 0.7394346 0.7745956 0.6643712 0.7633205 1.1964895 0.7297242 0.7113206 0.6582418 
Emiliana-huxleyi.ap.cs.fa               0.4846396 0.5443265 0.8901736 0.5404547 0.6211738 0.5911623 0.5235630 0.4966993 0.5945371 0.4944568 0.5793172 0.5444499 0.5613560 0.5968356 0.6893812 0.5512830 0.7886475 1.0257133 0.4904608 0.5160679 0.5317817 0.2275722 0.5578745 0.6084314 0.4698884 0.6140056 0.4875902 0.6471335 0.9956013 0.5090562 0.7797582 0.0000000 0.7714013 0.7497304 0.5858701 0.5186075 0.5880951 0.6956676 0.5930463 0.5731964 0.7118850 0.5095188 0.5166399 0.5180410 0.8519929 0.4739845 0.5769682 0.5229462 0.5207211 0.5753933 0.5000510 0.4467503 0.5688812 0.7001902 0.8492923 0.5139208 0.5795591 0.5496321 0.5683090 0.5634907 0.4805889 0.5432844 0.7370455 0.7846393 0.5305446 0.5723377 0.5015902 0.4831547 0.5802166 0.5324754 0.6016846 0.5285046 0.5368929 0.9392064 0.4734263 0.5603203 0.6082415 0.5068565 0.5798000 0.4860547 0.6465552 0.6778628 0.7213029 0.5205014 0.5333357 0.5614140 0.7416756 0.4720271 0.5672399 0.5521265 0.6412831 0.5356821 0.5745112 1.2411350 0.6053930 0.5120593 0.5060092 
Entamoeba-dispar.ap.cs.fa               0.6000797 0.6934712 0.9407459 0.6496456 0.7036359 0.8163863 0.6529262 0.6936934 0.7669622 0.6730469 0.8290226 0.7031577 0.7773599 0.7487097 0.7778149 0.7525260 0.8577752 0.9692752 0.6927613 0.6814445 0.7208724 0.7479152 0.7899339 0.7390093 0.6488629 0.6968893 0.6508685 0.8112417 0.9121028 0.7278355 0.8402875 0.7714013 0.0000000 0.8949672 0.7354915 0.7394029 0.7820765 0.7720246 0.7756150 0.6654138 0.7423112 0.7252628 0.7532179 0.6798240 0.9684356 0.6754708 0.7880034 0.6337909 0.6873870 0.7294209 0.6931549 0.6736016 0.7121542 0.7398897 1.0678149 0.6611151 0.7662184 0.7726350 0.6873774 0.7723902 0.6595771 0.7355853 0.8115148 0.8589774 0.6710669 0.7673220 0.6140267 0.6734658 0.7856698 0.7118306 0.8229552 0.6849912 0.6868073 0.9630290 0.6453145 0.6783482 0.7095027 0.6972108 0.7515471 0.6573605 0.7668578 0.7095446 0.7976352 0.7153856 0.7058653 0.7430277 0.8163854 0.6935752 0.7719501 0.7567648 0.7352060 0.6940004 0.7856058 1.1675013 0.6951290 0.6954643 0.6251144 
Ergobibamus-cyprinoides.ap.cs.fa        0.6344579 0.7356866 0.6665374 0.6479227 0.7117800 0.8276380 0.6976042 0.6744412 0.7251261 0.6730395 0.7808628 0.6958676 0.7528858 0.7516989 0.8609710 0.7449959 0.6713757 0.7882531 0.6821575 0.7016632 0.7305763 0.7653685 0.7821773 0.7373378 0.6189122 0.7463283 0.6806134 0.8474677 0.7163289 0.7179511 0.8382139 0.7497304 0.8949672 0.0000000 0.7725691 0.7071817 0.7632898 0.7259707 0.7562421 0.6859454 0.8559662 0.7396504 0.7362565 0.6821616 0.7255846 0.6737870 0.7722593 0.6685314 0.6558111 0.7337974 0.7087916 0.6540000 0.7118442 0.8023862 0.9993774 0.6511057 0.7608055 0.7583959 0.6902549 0.7574817 0.6654732 0.7260697 0.8862755 0.9031976 0.6808044 0.7451957 0.6462915 0.6416836 0.8299087 0.7030585 0.7957169 0.7176975 0.7137344 0.9831412 0.6589092 0.6849817 0.7187764 0.7053823 0.7354556 0.6449287 0.7845758 0.7409495 0.8723246 0.7411556 0.7510359 0.7579340 0.8469032 0.6715758 0.7577340 0.7368840 0.7724361 0.6952252 0.8013166 1.1169118 0.6755766 0.6720449 0.6664706 
Euglena-gracilis.ap.cs.fa               0.4884582 0.5741369 0.7976041 0.5560412 0.6354534 0.6394267 0.5634008 0.5064008 0.6222753 0.5357485 0.6051406 0.5870536 0.5905611 0.6198048 0.5169737 0.5959597 0.7820452 0.9463860 0.5398827 0.5483016 0.5771112 0.5823085 0.6045013 0.6646234 0.4948886 0.6048989 0.5218970 0.5107441 0.9778058 0.5621238 0.7363889 0.5858701 0.7354915 0.7725691 0.0000000 0.5828544 0.6217647 0.6616681 0.6175363 0.5799397 0.5783813 0.5497777 0.5796916 0.5265272 0.9620128 0.5081670 0.6104035 0.5492940 0.5516532 0.6030197 0.5593156 0.4906764 0.6051995 0.6349941 0.8149184 0.5251990 0.6277830 0.6152110 0.6013345 0.5891770 0.5199867 0.5871444 0.7261461 0.8095345 0.5548162 0.5877449 0.5136524 0.5186831 0.6186571 0.5827185 0.6646012 0.5423908 0.5376524 0.8553044 0.5065581 0.5795710 0.6368910 0.5171505 0.6079684 0.5273855 0.6616036 0.6420576 0.7210212 0.5654536 0.5757423 0.5849552 0.7445251 0.5632679 0.6225571 0.5944819 0.6454428 0.5559800 0.6319116 1.2710835 0.5903377 0.5589111 0.5409089 
Fabomonas-tropica.ap.cs.fa              0.4444055 0.4989203 0.8536944 0.4868124 0.5755954 0.6050901 0.5066369 0.4714968 0.4641809 0.4725122 0.5621497 0.5103858 0.5342302 0.5384025 0.6836100 0.5401022 0.7587222 0.9505321 0.4870254 0.4786579 0.5137876 0.4919751 0.5516254 0.5886148 0.4321917 0.5802282 0.4643708 0.6366189 0.9417475 0.5072233 0.7233694 0.5186075 0.7394029 0.7071817 0.5828544 0.0000000 0.5619080 0.6266486 0.5632153 0.5301911 0.6708096 0.5004944 0.4953578 0.4697447 0.8124432 0.4509163 0.5786976 0.4788343 0.4986577 0.5481841 0.4873406 0.4592280 0.5536091 0.6563982 0.6956933 0.4940872 0.5372005 0.5772302 0.4528879 0.5396454 0.4665531 0.5372144 0.6883778 0.7347754 0.4835438 0.5369933 0.4474907 0.4365183 0.5863266 0.5171443 0.6071890 0.4892361 0.5058226 0.8170589 0.4488552 0.5330595 0.5427793 0.4748043 0.5162929 0.4481218 0.6237351 0.6258058 0.6729384 0.5106601 0.5103666 0.5299737 0.7143050 0.4694797 0.5605212 0.5317479 0.5783542 0.5061803 0.5893551 1.2009059 0.5454922 0.4932381 0.4715284 
Fistulifera-solaris.ap.cs.fa            0.5314007 0.5630563 0.8844469 0.5582637 0.6449459 0.6158310 0.5776969 0.5419331 0.6290609 0.5406610 0.4507227 0.5767079 0.5974283 0.6024764 0.7137732 0.2624876 0.8238869 0.9660840 0.5429587 0.5279677 0.6015396 0.5758575 0.6267045 0.6485207 0.5210877 0.6561640 0.5505054 0.7122108 0.9626350 0.3788425 0.7517311 0.5880951 0.7820765 0.7632898 0.6217647 0.5619080 0.0000000 0.7063435 0.1883773 0.6027141 0.7040820 0.5756000 0.5818647 0.5548286 0.8688552 0.5169575 0.2205890 0.5616621 0.5562907 0.6128593 0.5491791 0.5128925 0.6105374 0.7090296 0.6828737 0.5348411 0.1631326 0.5957512 0.5939153 0.1880143 0.5319754 0.5750910 0.7264130 0.7839693 0.5620642 0.1318667 0.5303021 0.5070938 0.6072736 0.5927357 0.6173976 0.5632296 0.5717645 0.8621842 0.5321432 0.6011631 0.6360801 0.5517391 0.6001867 0.5399081 0.6642762 0.6938965 0.7134473 0.5762900 0.5929577 0.6017273 0.7266994 0.5343961 0.1959948 0.1824643 0.6712454 0.4124945 0.6157481 1.2174456 0.6010361 0.5460511 0.5522212 
Fonticula-alba.ap.cs.fa                 0.5434760 0.6292790 0.8832519 0.4951894 0.6520550 0.7386888 0.5724717 0.5610611 0.6767165 0.5939534 0.7189855 0.5969382 0.6656676 0.6789556 0.7651929 0.6823040 0.7841597 0.9847948 0.5967523 0.6032054 0.6242207 0.6603499 0.6968516 0.6779044 0.5754574 0.6377677 0.5748537 0.7522568 1.0202724 0.6213812 0.7910426 0.6956676 0.7720246 0.7259707 0.6616681 0.6266486 0.7063435 0.0000000 0.6810911 0.6104241 0.7723471 0.6422431 0.6517680 0.5695586 0.8191645 0.5655887 0.7067565 0.5634514 0.4991679 0.6156357 0.6099009 0.5555067 0.5801678 0.7467987 0.8233082 0.5497314 0.6937866 0.6806979 0.6063883 0.6743328 0.5982248 0.6408968 0.7646866 0.8230287 0.4338526 0.6667601 0.5649885 0.5676380 0.7222485 0.6319567 0.7353394 0.6145670 0.6149856 0.9388359 0.5554830 0.5711427 0.5652476 0.6130288 0.6382624 0.4811642 0.7211739 0.7067604 0.7498096 0.6227768 0.6590875 0.6895227 0.7593205 0.5663760 0.6804289 0.6670921 0.6546587 0.6401196 0.7245862 1.2099317 0.6131605 0.5848032 0.5447263 
Fragilariopsis-cylindrus.ap.cs.fa       0.5143360 0.5790770 0.8716612 0.5622252 0.6382961 0.6213401 0.5785697 0.5380689 0.6304642 0.5422597 0.4255319 0.5939057 0.5904299 0.5966527 0.7363995 0.2731897 0.7965239 0.9385390 0.5429423 0.5414005 0.5937049 0.5633038 0.6306119 0.6726452 0.5060103 0.6349000 0.5471046 0.7176841 0.9423887 0.3854109 0.7289446 0.5930463 0.7756150 0.7562421 0.6175363 0.5632153 0.1883773 0.6810911 0.0000000 0.5888882 0.6336596 0.5808220 0.5729099 0.5545366 0.8529227 0.5134131 0.2248435 0.5532261 0.5547077 0.6103285 0.5352001 0.5095885 0.6197705 0.6878517 0.6916149 0.5364050 0.1102041 0.6164240 0.5943051 0.1844431 0.5243118 0.5779957 0.7302941 0.7972823 0.5595633 0.1695345 0.5301974 0.5103039 0.6075536 0.5969691 0.6301186 0.5709726 0.5754887 0.8774264 0.5368317 0.6122947 0.6148597 0.5241841 0.6060019 0.5310582 0.6632194 0.6885993 0.7121968 0.5737108 0.6025880 0.5958493 0.7373602 0.5258519 0.1950356 0.1892455 0.6602321 0.4070920 0.6115414 1.2223279 0.6060901 0.5517260 0.5508968 
