97
Acanthamoeba-castellanii.ap.cs.fa       0.0000000 0.4339362 0.7171529 0.4026160 0.4933467 0.5504171 0.4072373 0.4025729 0.4987573 0.4089427 0.5517714 0.4518690 0.5116764 0.5008839 0.5880069 0.4961817 0.6808567 0.7949899 0.4273028 0.4095045 0.4775728 0.4636448 0.4986032 0.5445751 0.3570673 0.4423148 0.3912866 0.5713819 0.8350979 0.4557124 0.6351322 0.4826962 0.5969120 0.6309854 0.4867304 0.4429336 0.5291699 0.5410167 0.5121898 0.4546118 0.5309081 0.4338293 0.4527981 0.3777232 0.7307068 0.3912593 0.5290860 0.3932710 0.4105147 0.4650248 0.4502193 0.4109672 0.4663362 0.5670172 0.7132313 0.4073903 0.5093974 0.5022202 0.4601561 0.4924742 0.4083801 0.4823650 0.5843806 0.6475171 0.4088675 0.5101810 0.3520295 0.3851298 0.5501168 0.4497587 0.5557469 0.4172056 0.4364299 0.7411138 0.3922223 0.4557702 0.5024550 0.4209643 0.4673117 0.3781677 0.5413107 0.5087940 0.5650636 0.4652915 0.4758621 0.4898930 0.6191344 0.4186153 0.5023330 0.4933619 0.4860416 0.4495377 0.5406918 1.0344412 0.4764886 0.4193888 0.3921237 
Acanthocystis-sp.ap.cs.fa               0.4339362 0.0000000 0.8264252 0.5044615 0.5680111 0.5841595 0.4993239 0.4495181 0.5623499 0.4623583 0.5932906 0.5289231 0.5696456 0.5606772 0.6715930 0.5523112 0.7283739 0.9198329 0.4914253 0.3330083 0.5164617 0.5347639 0.5525787 0.5900443 0.4372041 0.5724647 0.4619403 0.6631805 0.9078537 0.5009060 0.7253987 0.5420638 0.6893819 0.7308162 0.5716081 0.4969799 0.5606190 0.6259292 0.5762547 0.5073558 0.6442452 0.5080205 0.5112899 0.4775948 0.8465377 0.4569965 0.5791366 0.4738029 0.5103575 0.5478685 0.5134681 0.4565584 0.5641548 0.6218079 0.7212028 0.4649722 0.5559409 0.5653273 0.5323449 0.5444272 0.4656532 0.5518497 0.6511151 0.7005998 0.4955384 0.5468482 0.4524823 0.4550119 0.5550339 0.5244339 0.5937865 0.2692888 0.2755295 0.8295743 0.4541518 0.5368461 0.5637617 0.4803175 0.5467413 0.4641667 0.5887640 0.6108140 0.6328380 0.5273455 0.5310829 0.5486952 0.6720867 0.4740526 0.5532048 0.5428551 0.5842431 0.4931008 0.5667152 1.1927489 0.5374364 0.5045831 0.4700707 
Aduncisulcus-paluster.ap.cs.fa          0.7171529 0.8264252 0.0000000 0.7617386 0.8166491 0.8859112 0.8141753 0.7782808 0.8268369 0.7818482 0.9094870 0.7338513 0.8219339 0.8617518 0.8954933 0.8174678 0.7393935 0.7551451 0.7835765 0.7919663 0.8527453 0.8866364 0.8601410 0.8421420 0.7551158 0.8256656 0.7860566 0.9111326 0.7545900 0.8187982 0.8801300 0.8815006 0.9311825 0.6622461 0.7913348 0.8463105 0.8768158 0.8752796 0.8642248 0.8129879 0.9756145 0.8208566 0.8059033 0.7544124 0.8032350 0.7675490 0.8183279 0.7620902 0.7694012 0.8376491 0.7780619 0.7714509 0.8300740 0.8592106 0.7771303 0.7584432 0.8608106 0.8484968 0.7720193 0.8702832 0.7853576 0.7986835 0.8984192 0.9485159 0.7533149 0.8503007 0.7628103 0.7346433 0.8870234 0.8342190 0.8560477 0.8155325 0.8270900 1.0179810 0.7743478 0.7825214 0.8342822 0.8584169 0.8754866 0.7462286 0.8824782 0.8156009 0.8709192 0.7705475 0.8306648 0.7860663 0.8683485 0.7536643 0.8243254 0.8449163 0.8250782 0.8017936 0.8589647 0.9927449 0.7528713 0.7805187 0.7656135 
Allomyces-macrogynus.ap.cs.fa           0.4026160 0.5044615 0.7617386 0.0000000 0.5211231 0.5782004 0.4345856 0.4505066 0.5392175 0.4682202 0.5897811 0.4927871 0.5527218 0.5360566 0.6430708 0.5507498 0.6801509 0.8703094 0.4694127 0.4587056 0.5023202 0.5051883 0.5535019 0.5481190 0.4331897 0.5222713 0.4318727 0.6243127 0.8626128 0.4982030 0.6969106 0.5379841 0.6459021 0.6441987 0.5534995 0.4849629 0.5557183 0.4934063 0.5595692 0.4770465 0.6161149 0.4867530 0.5128562 0.4499131 0.7324675 0.4506063 0.5636042 0.4284548 0.2893801 0.4773088 0.4863248 0.4348456 0.4851228 0.5934961 0.7278824 0.4211717 0.5433197 0.5346953 0.4843218 0.5333985 0.4637236 0.5326358 0.6313078 0.6908057 0.3548312 0.5481394 0.4211154 0.4451955 0.5638498 0.4913501 0.5790883 0.4930089 0.4994997 0.7969678 0.4239408 0.4563572 0.3730200 0.4861807 0.5154415 0.2659502 0.6027816 0.5943147 0.6180060 0.5157065 0.5294948 0.5487746 0.6462614 0.4637823 0.5512152 0.5371827 0.5387437 0.4868474 0.5676644 1.0712010 0.5045110 0.4727863 0.4019930 
Amastigomonas-sp.ap.cs.fa               0.4933467 0.5680111 0.8166491 0.5211231 0.0000000 0.6787261 0.5506378 0.5371217 0.6229139 0.5372844 0.6564974 0.5690170 0.6226240 0.6274698 0.7046991 0.6211884 0.7410828 0.9216225 0.5456328 0.5132013 0.5813037 0.6090487 0.6205359 0.6599304 0.5037939 0.5849664 0.5183783 0.7140504 0.9064994 0.5869154 0.7358249 0.6179135 0.6992911 0.7073354 0.6322426 0.5728091 0.6413961 0.6484225 0.6347647 0.5854469 0.6600738 0.5949220 0.5788138 0.5296486 0.8049467 0.5173307 0.6364803 0.5223097 0.5383449 0.5859338 0.5597517 0.4906180 0.5771052 0.6939355 0.8188349 0.5337320 0.6119076 0.6146487 0.5724347 0.6159018 0.5376457 0.5979325 0.7129168 0.7701119 0.5135406 0.6128377 0.5328336 0.5118920 0.6534335 0.5963684 0.6768697 0.5618832 0.5787639 0.8336853 0.5059922 0.5457202 0.5979226 0.5520697 0.5714155 0.5075723 0.6820630 0.6326703 0.7092618 0.5807047 0.5982236 0.6141265 0.7310653 0.5314796 0.6162853 0.6048713 0.4126205 0.5551812 0.6621603 1.1174703 0.5715381 0.5536150 0.5135697 
Amphidinium-carterae.ap.cs.fa           0.5504171 0.5841595 0.8859112 0.5782004 0.6787261 0.0000000 0.6048039 0.5608385 0.6554866 0.5577211 0.6435561 0.6101328 0.6316727 0.6397553 0.7323213 0.5994541 0.8382600 0.9844219 0.5581646 0.5504458 0.6083227 0.5803499 0.6341556 0.6689719 0.5390450 0.6579809 0.5585137 0.7255279 1.0236638 0.5726125 0.7796883 0.5879920 0.8092564 0.8203033 0.6357835 0.6014934 0.6121972 0.7328564 0.6175763 0.6292025 0.7575143 0.5636656 0.5988454 0.5764853 0.8450099 0.5426345 0.6150533 0.5941227 0.6071064 0.6449821 0.5852864 0.5434759 0.6443334 0.7258040 0.8669712 0.5720563 0.6093075 0.3603844 0.6382752 0.5969899 0.5460120 0.6159077 0.6887500 0.7390553 0.6016024 0.6004858 0.5751840 0.5396490 0.2232073 0.6100377 0.2278982 0.5912134 0.6057781 0.8768425 0.5501381 0.6297322 0.6646665 0.5753506 0.6384156 0.5617519 0.6287810 0.7245970 0.6760285 0.5799577 0.6101347 0.6326416 0.7117086 0.5519956 0.6119853 0.5910021 0.6852941 0.5875263 0.1994660 1.2511021 0.6323920 0.5673867 0.5859597 
Amphimedon-queenslandica.ap.cs.fa       0.4072373 0.4993239 0.8141753 0.4345856 0.5506378 0.6048039 0.0000000 0.4596625 0.5519715 0.4608705 0.5993696 0.5139774 0.5496152 0.5457521 0.6448429 0.5462641 0.7322483 0.8923281 0.4801117 0.4779631 0.5145310 0.5074612 0.5533345 0.5855160 0.4294258 0.5182684 0.4340019 0.6270155 0.8970597 0.5114903 0.6792936 0.5213006 0.6491836 0.6931851 0.5608947 0.5044938 0.5749021 0.5698805 0.5758018 0.4943665 0.5966446 0.4775249 0.5107477 0.4580612 0.8001209 0.4488571 0.5692639 0.2768125 0.4403335 0.3378006 0.4943322 0.4311112 0.4083526 0.6038925 0.7705509 0.2681264 0.5643505 0.5633038 0.4901334 0.5477696 0.4479121 0.5388593 0.6503890 0.7130750 0.4266174 0.5627649 0.4443529 0.4448479 0.5809225 0.5202377 0.6120492 0.4896577 0.4932281 0.7573687 0.4460758 0.3851730 0.5007443 0.4782399 0.5077357 0.3933947 0.5891691 0.5921433 0.6362564 0.5186562 0.5348394 0.5537276 0.6593034 0.4729910 0.5756506 0.5517321 0.5404311 0.5161325 0.5916145 1.1090052 0.5121534 0.4924398 0.2591702 
Ancoracysta-twista.ap.cs.fa             0.4025729 0.4495181 0.7782808 0.4505066 0.5371217 0.5608385 0.4596625 0.0000000 0.5263274 0.4268692 0.5463297 0.4798936 0.4989873 0.5125099 0.6021274 0.5172681 0.7094905 0.8827316 0.4496408 0.4404530 0.4799780 0.4737254 0.5165713 0.5725872 0.3693460 0.5141389 0.4242479 0.6240475 0.8526835 0.4783984 0.6761378 0.4945903 0.6892013 0.6702861 0.5043372 0.4697253 0.5394961 0.5584123 0.5356301 0.5043479 0.5419883 0.4503172 0.4652719 0.4290929 0.7857710 0.4056395 0.5264138 0.4392305 0.4508521 0.4679844 0.4498520 0.4216001 0.4995431 0.5852550 0.8455466 0.4159464 0.5195143 0.5053758 0.4826907 0.5063596 0.4223147 0.4767209 0.6516492 0.7090396 0.4411391 0.5161993 0.4122203 0.3938604 0.5597278 0.4934688 0.5611378 0.4498151 0.4644541 0.8189839 0.4288473 0.5015524 0.5291016 0.4269457 0.4796191 0.4181116 0.5723391 0.5507149 0.6340050 0.4632041 0.4755270 0.4507812 0.6623133 0.4220312 0.5101017 0.5144764 0.5538352 0.4659564 0.5480669 1.1196075 0.5381620 0.4454624 0.4372612 
Ancyromonas-sigmoides.ap.cs.fa          0.4987573 0.5623499 0.8268369 0.5392175 0.6229139 0.6554866 0.5519715 0.5263274 0.0000000 0.5336701 0.6394045 0.5593556 0.6154567 0.6301838 0.6949403 0.6152627 0.7638807 0.9488214 0.5599609 0.5417218 0.5481055 0.5936815 0.5864904 0.6170462 0.4934218 0.6052264 0.5049392 0.6973638 0.9495354 0.5631023 0.7434288 0.5912109 0.7610660 0.7198249 0.6188419 0.4624595 0.6255000 0.6723961 0.6266035 0.6005567 0.7112990 0.5444842 0.5668313 0.5120073 0.8158637 0.5197470 0.6409283 0.5323387 0.5689574 0.6045199 0.5483367 0.4846703 0.5959537 0.7044265 0.8134563 0.5344781 0.5961079 0.6068735 0.4318486 0.6085056 0.5262280 0.5798622 0.7369134 0.7961649 0.5426462 0.6121368 0.5235812 0.5103265 0.6425099 0.5565160 0.6633914 0.5661553 0.5673444 0.8858357 0.5042980 0.5506731 0.6162674 0.5618154 0.5771080 0.5193041 0.6640930 0.6647556 0.7300163 0.5339009 0.5699664 0.5841202 0.7488955 0.5265756 0.6156601 0.6032677 0.5844672 0.5767254 0.6521669 1.1781403 0.5084011 0.5569425 0.5228387 
Arabidopsis-thaliana.ap.cs.fa           0.4089427 0.4623583 0.7818482 0.4682202 0.5372844 0.5577211 0.4608705 0.4268692 0.5336701 0.0000000 0.5529445 0.3598721 0.4139709 0.5155077 0.6518165 0.5154629 0.7193673 0.8999675 0.3276752 0.4527140 0.4735232 0.4759564 0.5115792 0.5350638 0.3913699 0.5340050 0.4026313 0.6039523 0.8557555 0.4678794 0.7028455 0.4924555 0.6688535 0.6689749 0.5334987 0.4707541 0.5382672 0.5909247 0.5398685 0.4572119 0.5901498 0.4366819 0.4495120 0.4309846 0.7846443 0.2161172 0.5460085 0.4556399 0.4596967 0.5076392 0.3336308 0.2953802 0.5185955 0.5869369 0.7346228 0.4445987 0.5204753 0.4404874 0.4769249 0.5227635 0.1469941 0.3890574 0.6412993 0.6875594 0.4607002 0.5231363 0.4399539 0.1724346 0.5431338 0.4682619 0.5741593 0.4642159 0.4759255 0.7923100 0.4062422 0.5090300 0.5271942 0.2023974 0.4799776 0.4236420 0.5799469 0.5692144 0.6239277 0.4620239 0.4858886 0.4895591 0.6588788 0.3054796 0.5192246 0.5074331 0.5663553 0.4761161 0.5498921 1.1249867 0.5058477 0.3415824 0.4433490 
Aureococcus-anophagefferens.ap.cs.fa    0.5517714 0.5932906 0.9094870 0.5897811 0.6564974 0.6435561 0.5993696 0.5463297 0.6394045 0.5529445 0.0000000 0.5811468 0.6011648 0.6023827 0.7384922 0.4126021 0.8414396 0.9304782 0.5563042 0.5493822 0.6059506 0.5642893 0.6308161 0.6767323 0.5063950 0.6567341 0.5634942 0.7231165 1.0057275 0.3818095 0.7913580 0.5762369 0.8220410 0.7748708 0.6020245 0.5591667 0.4492309 0.7141150 0.4242444 0.6143128 0.7630186 0.5742438 0.5813255 0.5657452 0.8882154 0.5198838 0.4565264 0.5694085 0.5498203 0.6092322 0.5500169 0.5045308 0.5891338 0.7187916 0.7019123 0.5397730 0.4416206 0.6172432 0.6159142 0.4198630 0.5447707 0.5871824 0.7413384 0.8007841 0.5784158 0.4354128 0.5397244 0.4854675 0.6241599 0.5972985 0.6578616 0.5757601 0.5769274 0.9093555 0.5333609 0.6168459 0.6488207 0.5345916 0.6260853 0.5400531 0.6856215 0.7508587 0.7301321 0.5436328 0.5990140 0.6054235 0.7746390 0.5074867 0.4081673 0.3849857 0.6601131 0.4434857 0.6313016 1.2299871 0.6214501 0.5368709 0.5587547 
Auxenochlorella-protothecoides.ap.cs.fa 0.4518690 0.5289231 0.7338513 0.4927871 0.5690170 0.6101328 0.5139774 0.4798936 0.5593556 0.3598721 0.5811468 0.0000000 0.4376795 0.5935821 0.6628464 0.5731295 0.7340805 0.8466218 0.2788515 0.5017228 0.5047569 0.5269906 0.5556966 0.5716492 0.4375965 0.5975029 0.4677981 0.6385271 0.8639386 0.5197543 0.7312129 0.5415959 0.6981441 0.6912488 0.5837857 0.5078866 0.5735919 0.5937226 0.5905958 0.5078639 0.6222738 0.4873741 0.5225476 0.4974332 0.8223768 0.3342981 0.5882300 0.5219681 0.4900016 0.5526559 0.3606447 0.2486664 0.5328516 0.6315983 0.7219770 0.4979380 0.5735587 0.4485936 0.5198542 0.5661415 0.3597748 0.4094785 0.6990948 0.7171401 0.4826989 0.5614119 0.4916498 0.3276785 0.5783810 0.4976242 0.6062929 0.5269207 0.5262773 0.8334139 0.4361834 0.5345933 0.5448392 0.3697486 0.5380130 0.4552560 0.6301930 0.6399799 0.6842423 0.5152033 0.5481254 0.5463358 0.6916486 0.2844374 0.5698384 0.5491347 0.6052130 0.5082057 0.5858934 1.1274556 0.5618196 0.2822442 0.4959374 
Bathycoccus-prasinos.ap.cs.fa           0.5116764 0.5696456 0.8219339 0.5527218 0.6226240 0.6316727 0.5496152 0.4989873 0.6154567 0.4139709 0.6011648 0.4376795 0.0000000 0.5973224 0.6956734 0.5519161 0.7815705 0.9533602 0.3985770 0.5322567 0.5415342 0.5622463 0.5793837 0.6276071 0.4790989 0.6207537 0.5181587 0.6824079 0.9093983 0.5324662 0.7918257 0.5584132 0.7715055 0.7472393 0.5875840 0.5316737 0.5941210 0.6616799 0.5872563 0.5687959 0.6730592 0.5224128 0.5265276 0.5430840 0.8984292 0.3762041 0.5760120 0.5481423 0.5477848 0.5866070 0.2351843 0.3713007 0.5672722 0.6885317 0.8003008 0.5170817 0.5684095 0.5068484 0.5868450 0.5601973 0.4074449 0.2358745 0.7239537 0.7762798 0.5408468 0.5784571 0.5368126 0.3704438 0.6207333 0.5451166 0.6450704 0.5590318 0.5692813 0.9235869 0.4983986 0.5816437 0.6134811 0.4132504 0.6129641 0.5144163 0.6853157 0.6685434 0.7073599 0.5569740 0.5650203 0.5733795 0.7339627 0.3739736 0.5659955 0.5448385 0.6299418 0.5257602 0.6137307 1.1860870 0.6062307 0.3996296 0.5256775 
Bigelowiella-natans.ap.cs.fa            0.5008839 0.5606772 0.8617518 0.5360566 0.6274698 0.6397553 0.5457521 0.5125099 0.6301838 0.5155077 0.6023827 0.5935821 0.5973224 0.0000000 0.7137268 0.5831273 0.7778914 1.0281290 0.5326455 0.5360422 0.5666880 0.5959541 0.6105877 0.6339079 0.4884005 0.6294018 0.5171231 0.6890849 0.9707640 0.5415636 0.6703593 0.5936520 0.7434081 0.7467162 0.6168248 0.5361248 0.5995337 0.6750298 0.5936736 0.5829060 0.6255249 0.5203491 0.5598156 0.5441231 0.8408312 0.5042490 0.5915776 0.5369438 0.5482146 0.5979101 0.5382214 0.4870393 0.5863663 0.6337879 0.8710860 0.5125799 0.5631260 0.5950528 0.5825553 0.5833109 0.5214616 0.5828021 0.7030512 0.7490535 0.5480374 0.5856539 0.5054812 0.4979226 0.6120579 0.5797203 0.6375644 0.5514142 0.5561790 0.7936145 0.5026523 0.5802009 0.6124885 0.5108152 0.5275808 0.5164182 0.6508307 0.6651478 0.6843727 0.5641363 0.5726041 0.5669542 0.7139059 0.5148730 0.5985512 0.5806936 0.6244986 0.5346607 0.6222647 1.1913322 0.5938055 0.5322171 0.5128442 
Bodo-saltans.ap.cs.fa                   0.5880069 0.6715930 0.8954933 0.6430708 0.7046991 0.7323213 0.6448429 0.6021274 0.6949403 0.6518165 0.7384922 0.6628464 0.6956734 0.7137268 0.0000000 0.6976823 0.8061630 1.0464296 0.6444340 0.6272864 0.6532835 0.6781624 0.6908892 0.7550467 0.6154658 0.6905263 0.6101397 0.5700961 1.0144161 0.6740481 0.8210150 0.6846059 0.7716937 0.8530826 0.5146545 0.6788704 0.7089860 0.7595323 0.7311783 0.6671215 0.7592931 0.6436980 0.6642831 0.6359318 0.9056178 0.6273934 0.7403485 0.6381806 0.6831863 0.6838789 0.6588746 0.6031037 0.7039625 0.7058573 1.0312136 0.6502265 0.7041230 0.6868744 0.6696138 0.7157830 0.6341357 0.6771164 0.8066916 0.8054625 0.6473155 0.6963866 0.6223389 0.6330802 0.7257682 0.6734081 0.7423435 0.6688514 0.6356771 0.9261173 0.6045192 0.6794973 0.7230596 0.6691219 0.7100095 0.6310775 0.7521785 0.6555901 0.7871984 0.5950787 0.6059388 0.6207757 0.8024166 0.6451313 0.7291438 0.7048387 0.7038405 0.6707523 0.7157497 1.2133287 0.6805597 0.6427573 0.6259100 
Bolidomonas-pacifica.ap.cs.fa           0.4961817 0.5523112 0.8174678 0.5507498 0.6211884 0.5994541 0.5462641 0.5172681 0.6152627 0.5154629 0.4126021 0.5731295 0.5519161 0.5831273 0.6976823 0.0000000 0.7686069 0.9338090 0.5215689 0.5301646 0.5631572 0.5189035 0.5812574 0.6532220 0.4756009 0.6184297 0.5290165 0.6916463 0.9055078 0.3459416 0.7358657 0.5485410 0.7470891 0.7397225 0.5931222 0.5373444 0.2622685 0.6779058 0.2729069 0.5771687 0.6903414 0.5560501 0.5517506 0.5200632 0.8668426 0.5040655 0.2261331 0.5383188 0.5439060 0.5976336 0.5145533 0.4850599 0.5827668 0.6763160 0.6528716 0.5127168 0.2519080 0.5899613 0.5842937 0.2292767 0.5130409 0.5560353 0.7038124 0.7698593 0.5496637 0.2443355 0.5002943 0.4958023 0.5781557 0.5669220 0.6082433 0.5505206 0.5541481 0.8513276 0.5102491 0.5798631 0.6034574 0.5243947 0.5897726 0.5197984 0.6266911 0.6634755 0.6853521 0.5389781 0.5619743 0.5814712 0.7100483 0.5234068 0.2380105 0.2244621 0.6311902 0.3950323 0.5887204 1.1970857 0.6003242 0.5296297 0.5339276 
Carpediemonas-membranifera.ap.cs.fa     0.6808567 0.7283739 0.7393935 0.6801509 0.7410828 0.8382600 0.7322483 0.7094905 0.7638807 0.7193673 0.8414396 0.7340805 0.7815705 0.7778914 0.8061630 0.7686069 0.0000000 0.8703483 0.7358094 0.7136231 0.7548730 0.8011954 0.8135683 0.7579775 0.6871596 0.7805363 0.7140680 0.8583499 0.8263348 0.7654856 0.8715592 0.7824414 0.8504430 0.6670619 0.7761127 0.7530484 0.8170078 0.7780602 0.7900833 0.7406970 0.9002278 0.7717672 0.7388458 0.7079227 0.7597726 0.6986730 0.8082183 0.7081479 0.7115848 0.7687999 0.7295659 0.6501066 0.7481210 0.7796710 1.0667674 0.6937275 0.7738357 0.7869386 0.7321799 0.7966133 0.7248988 0.7482162 0.8549115 0.9195106 0.7003998 0.7714562 0.6979632 0.6911101 0.8146177 0.7599488 0.8511217 0.7321797 0.7265505 0.9771180 0.7006529 0.7174616 0.7359192 0.7473136 0.7766868 0.6858472 0.7866741 0.8028288 0.8372423 0.7220097 0.7493682 0.7481782 0.8733199 0.6864131 0.7976371 0.7689775 0.7774981 0.7363510 0.8239197 1.0665155 0.6999127 0.7362801 0.7056049 
Chilomastix-cuspidata.ap.cs.fa          0.7949899 0.9198329 0.7551451 0.8703094 0.9216225 0.9844219 0.8923281 0.8827316 0.9488214 0.8999675 0.9304782 0.8466218 0.9533602 1.0281290 1.0464296 0.9338090 0.8703483 0.0000000 0.8850514 0.9152609 0.9394852 0.9905270 0.9785654 0.9249860 0.8800497 0.9605923 0.8606023 1.0444080 0.6934886 0.9299581 1.0140699 1.0150865 0.9603333 0.7831055 0.9375880 0.9420861 0.9575674 0.9757992 0.9302914 0.8936095 0.9172684 0.9812634 0.9357534 0.9507499 0.9006149 0.8532648 0.9524379 0.8872684 0.8871157 0.9588877 0.9193580 0.8739549 0.9250264 0.9827207 1.1601952 0.8882894 0.9397456 0.9867183 0.9214486 0.9487954 0.8838062 0.9501052 1.0063058 1.0592859 0.9356104 0.9399420 0.8547348 0.8713550 0.9633560 0.9117970 1.0001283 0.9174858 0.9083522 1.1512981 0.8585177 0.8584793 0.9084951 0.8788515 1.0135605 0.8867517 1.0141118 0.9036979 1.0208291 0.9287776 0.9549191 0.9928913 1.0293561 0.9047299 0.9606224 0.9263747 0.9482850 0.8678526 0.9530404 1.1066800 0.8545060 0.8897096 0.8936823 
Chlamydomonas-reinhardtii.ap.cs.fa      0.4273028 0.4914253 0.7835765 0.4694127 0.5456328 0.5581646 0.4801117 0.4496408 0.5599609 0.3276752 0.5563042 0.2788515 0.3985770 0.5326455 0.6444340 0.5215689 0.7358094 0.8850514 0.0000000 0.4729316 0.4924247 0.4782932 0.5075803 0.5335329 0.3977397 0.5632392 0.4313612 0.6115158 0.8945506 0.4847872 0.7115652 0.4883565 0.6880647 0.6778779 0.5374652 0.4849839 0.5404281 0.5935788 0.5402600 0.4670541 0.6052525 0.4573679 0.4727537 0.4598018 0.8024782 0.2928465 0.5465091 0.4812349 0.4666456 0.5195607 0.3362825 0.1835622 0.5201874 0.6139108 0.6983892 0.4614218 0.5186411 0.3752046 0.4924431 0.5213960 0.3180722 0.3734734 0.6390391 0.7064870 0.4747911 0.5299369 0.4652626 0.2918739 0.5466288 0.4774931 0.5699209 0.4838528 0.4908070 0.8023233 0.4187462 0.5173497 0.5395012 0.3313347 0.5164979 0.4373432 0.5983514 0.6053356 0.6275116 0.4820214 0.4990285 0.5094125 0.6530466 0.2552874 0.5318512 0.5150771 0.5791462 0.4875096 0.5508901 1.1322899 0.5511427 0.0545472 0.4576290 
Choanocystis-sp.ap.cs.fa                0.4095045 0.3330083 0.7919663 0.4587056 0.5132013 0.5504458 0.4779631 0.4404530 0.5417218 0.4527140 0.5493822 0.5017228 0.5322567 0.5360422 0.6272864 0.5301646 0.7136231 0.9152609 0.4729316 0.0000000 0.4903060 0.5022483 0.5296344 0.5704544 0.4128416 0.5383753 0.4229550 0.6317141 0.9276645 0.4759589 0.7030312 0.5137419 0.6771657 0.6970418 0.5459763 0.4767727 0.5257468 0.6001200 0.5388540 0.4819563 0.6148092 0.4494655 0.4752360 0.4477971 0.8073354 0.4333345 0.5555770 0.4501963 0.4597386 0.5298448 0.4707533 0.4202946 0.5362076 0.5890736 0.7119292 0.4583174 0.5234143 0.5137610 0.5007880 0.5107219 0.4466488 0.4982180 0.6342641 0.6794910 0.4580535 0.5150941 0.4521224 0.4335678 0.5310906 0.4935896 0.5625046 0.3298010 0.3480851 0.8083655 0.4063929 0.5109333 0.5311346 0.4631007 0.4991237 0.4234805 0.5680319 0.5916557 0.6159746 0.4792438 0.5057275 0.5186199 0.6463133 0.4476709 0.5272833 0.5036113 0.5532960 0.4773805 0.5281184 1.1682967 0.5202315 0.4783557 0.4470011 
Chondrus-crispus.ap.cs.fa               0.4775728 0.5164617 0.8527453 0.5023202 0.5813037 0.6083227 0.5145310 0.4799780 0.5481055 0.4735232 0.6059506 0.5047569 0.5415342 0.5666880 0.6532835 0.5631572 0.7548730 0.9394852 0.4924247 0.4903060 0.0000000 0.5282600 0.5455923 0.4500452 0.4689230 0.5956478 0.4655925 0.6486317 0.9385574 0.5395220 0.7435424 0.5293281 0.7157920 0.7253707 0.5743633 0.5114046 0.5983313 0.6205880 0.5904074 0.3754559 0.6658849 0.5067301 0.5117465 0.5079101 0.8165635 0.4575226 0.5809246 0.4986511 0.5119350 0.5532549 0.5047769 0.4634961 0.5407204 0.6328433 0.7594487 0.4880999 0.5542749 0.5531661 0.5283833 0.5519666 0.4632518 0.5239332 0.6864052 0.7852826 0.4975685 0.5649751 0.5030936 0.4542129 0.6268175 0.3038941 0.6180016 0.5111079 0.5208190 0.8812533 0.4495731 0.5413747 0.5916914 0.4831372 0.5645815 0.4718123 0.6055063 0.6084751 0.6666443 0.5308776 0.5303804 0.5389687 0.7159019 0.4648645 0.5693276 0.5551761 0.5940220 0.5317199 0.5987733 1.1438759 0.5726556 0.4930967 0.4848735 
Chrysochromulina-sp.ap.cs.fa            0.4636448 0.5347639 0.8866364 0.5051883 0.6090487 0.5803499 0.5074612 0.4737254 0.5936815 0.4759564 0.5642893 0.5269906 0.5622463 0.5959541 0.6781624 0.5189035 0.8011954 0.9905270 0.4782932 0.5022483 0.5282600 0.0000000 0.5693861 0.6186377 0.4282555 0.5897675 0.4825565 0.6571145 1.0279767 0.4919472 0.7330256 0.2274331 0.7423262 0.7598991 0.5795736 0.4899275 0.5731142 0.6562593 0.5606155 0.5620061 0.7220815 0.4888592 0.5254579 0.4974399 0.8207038 0.4592980 0.5528427 0.5263496 0.4968603 0.5590628 0.4977626 0.4255502 0.5666735 0.6829231 0.7465450 0.4758428 0.5509720 0.5324513 0.5516402 0.5491842 0.4647914 0.5330867 0.7159401 0.7389739 0.5035211 0.5547598 0.4885452 0.4430042 0.5630645 0.5272153 0.5764271 0.5166409 0.5249930 0.8811303 0.4626170 0.5713703 0.5924519 0.4853903 0.5138976 0.4734395 0.6368675 0.6610900 0.7046183 0.4922083 0.5142641 0.5319934 0.7094290 0.4741740 0.5478667 0.5243671 0.6442183 0.5093150 0.5562355 1.2479221 0.5940012 0.4928895 0.4897128 
Cryptophyceae-sp.ap.cs.fa               0.4986032 0.5525787 0.8601410 0.5535019 0.6205359 0.6341556 0.5533345 0.5165713 0.5864904 0.5115792 0.6308161 0.5556966 0.5793837 0.6105877 0.6908892 0.5812574 0.8135683 0.9785654 0.5075803 0.5296344 0.5455923 0.5693861 0.0000000 0.6342289 0.4938169 0.6312685 0.5220131 0.6872361 0.9448186 0.5728537 0.7869607 0.5550417 0.7835267 0.7760597 0.6013456 0.5487298 0.6229428 0.6921311 0.6267197 0.5579388 0.7644443 0.4294767 0.1828937 0.5406449 0.9134724 0.4829139 0.5925211 0.5359353 0.5682407 0.6041387 0.5244301 0.4814109 0.5869077 0.6813937 0.7987391 0.5398012 0.6042414 0.5621876 0.5741008 0.6133047 0.4967556 0.5481189 0.7335252 0.7888899 0.5491796 0.6240443 0.5295764 0.4898423 0.6221714 0.5530380 0.6441132 0.5534760 0.5594057 0.9000492 0.4960645 0.5819897 0.5866491 0.5287376 0.6048975 0.5139863 0.6700832 0.6384034 0.7093279 0.5551111 0.5671250 0.5855627 0.7582882 0.4973756 0.5878712 0.5879491 0.6481603 0.5521718 0.6264166 1.2092497 0.6075906 0.5126591 0.5261712 
Cyanidioschyzon-merolae.ap.cs.fa        0.5445751 0.5900443 0.8421420 0.5481190 0.6599304 0.6689719 0.5855160 0.5725872 0.6170462 0.5350638 0.6767323 0.5716492 0.6276071 0.6339079 0.7550467 0.6532220 0.7579775 0.9249860 0.5335329 0.5704544 0.4500452 0.6186377 0.6342289 0.0000000 0.5206235 0.6576167 0.5209182 0.7318414 0.9912154 0.5945372 0.7643158 0.6050723 0.7337099 0.7316336 0.6608149 0.5854470 0.6446431 0.6736011 0.6683432 0.4193882 0.7624818 0.5910470 0.5939675 0.5743434 0.7962418 0.5163305 0.6764741 0.5478406 0.5976842 0.6366927 0.5591038 0.4827968 0.6220333 0.7293468 0.7625023 0.5850051 0.6520946 0.6028722 0.5918281 0.6303678 0.5238920 0.5976770 0.7111398 0.7779328 0.5662414 0.6426801 0.5794765 0.5267993 0.6493074 0.4299567 0.6868626 0.5818809 0.5785352 0.8654031 0.5236079 0.5962786 0.6125704 0.5564137 0.6260653 0.5331832 0.6639495 0.6933032 0.7047538 0.5773875 0.6033025 0.6350915 0.7486037 0.5309531 0.6640246 0.6303902 0.6703468 0.6015950 0.6506157 1.1766913 0.5909301 0.5552403 0.5405322 
Cyanophora-paradoxa.ap.cs.fa            0.3570673 0.4372041 0.7551158 0.4331897 0.5037939 0.5390450 0.4294258 0.3693460 0.4934218 0.3913699 0.5063950 0.4375965 0.4790989 0.4884005 0.6154658 0.4756009 0.6871596 0.8800497 0.3977397 0.4128416 0.4689230 0.4282555 0.4938169 0.5206235 0.0000000 0.4927161 0.3888910 0.5697626 0.8335439 0.4506847 0.6467708 0.4681000 0.6450647 0.6153703 0.4929420 0.4307772 0.5189366 0.5725195 0.5038807 0.4450452 0.5235634 0.4074852 0.4338863 0.3950178 0.7120959 0.3592648 0.4967666 0.4251866 0.4174521 0.4556573 0.4079948 0.3790369 0.4665631 0.5583839 0.6553991 0.3851792 0.4938776 0.4735879 0.4323740 0.4907939 0.3833779 0.4534524 0.6061796 0.6362991 0.4186578 0.4987722 0.3953901 0.3463937 0.5314199 0.4497607 0.5342317 0.4313880 0.4455252 0.7366177 0.3667917 0.4916071 0.4980424 0.3888461 0.4604201 0.3892704 0.5387535 0.5164543 0.5854591 0.4522043 0.4676140 0.4564094 0.6479010 0.3874956 0.4780672 0.4611451 0.5200452 0.4490048 0.5238661 1.0423804 0.4697323 0.3986523 0.3917527 
Dictyostelium-discoideum.ap.cs.fa       0.4423148 0.5724647 0.8256656 0.5222713 0.5849664 0.6579809 0.5182684 0.5141389 0.6052264 0.5340050 0.6567341 0.5975029 0.6207537 0.6294018 0.6905263 0.6184297 0.7805363 0.9605923 0.5632392 0.5383753 0.5956478 0.5897675 0.6312685 0.6576167 0.4927161 0.0000000 0.5047330 0.6956926 0.9578335 0.5860032 0.7202513 0.6105116 0.6925519 0.7410472 0.6018501 0.5772187 0.6523352 0.6342758 0.6314008 0.5830377 0.6420930 0.5707911 0.5817320 0.5050481 0.8929055 0.5158061 0.6275443 0.5027093 0.5268087 0.5683961 0.5658109 0.5241591 0.5926795 0.6645263 0.8262786 0.5082170 0.6228713 0.6417599 0.5839345 0.6370165 0.5398032 0.6013351 0.6940569 0.7465747 0.4882610 0.6240584 0.3952640 0.5220045 0.6245997 0.6170780 0.6662408 0.5613272 0.5675308 0.8720301 0.5013558 0.5596729 0.5924413 0.5595558 0.5634330 0.4949951 0.6246322 0.6390530 0.6806819 0.5839401 0.5900489 0.6029854 0.6930812 0.5548967 0.6448882 0.6137928 0.6152759 0.5589662 0.6536416 1.1619759 0.5717279 0.5745680 0.4933259 
Diphylleia-rotans.ap.cs.fa              0.3912866 0.4619403 0.7860566 0.4318727 0.5183783 0.5585137 0.4340019 0.4242479 0.5049392 0.4026313 0.5634942 0.4677981 0.5181587 0.5171231 0.6101397 0.5290165 0.7140680 0.8606023 0.4313612 0.4229550 0.4655925 0.4825565 0.5220131 0.5209182 0.3888910 0.5047330 0.0000000 0.6059647 0.8533038 0.4765848 0.6525352 0.4855917 0.6470323 0.6763487 0.5197710 0.4626661 0.5480760 0.5720902 0.5446046 0.4526029 0.5421917 0.4338539 0.4638042 0.4226252 0.7546399 0.3928495 0.5451272 0.4383776 0.4485202 0.5023077 0.4546198 0.4123164 0.5032803 0.5877219 0.7186739 0.4426954 0.5319400 0.5038846 0.4763857 0.5204934 0.4006868 0.4938126 0.6074509 0.6631346 0.4253766 0.5251422 0.4166218 0.4006130 0.5346631 0.4547186 0.5624191 0.4520778 0.4648087 0.7557631 0.3019340 0.4727484 0.5083188 0.4352334 0.4797567 0.4053104 0.5499344 0.5395152 0.5905580 0.5035566 0.5071520 0.5233010 0.6199117 0.4330926 0.5311865 0.5141739 0.5425221 0.4700637 0.5532823 1.0914515 0.4738728 0.4450313 0.4290221 
Diplonema-papillatum.ap.cs.fa           0.5713819 0.6631805 0.9111326 0.6243127 0.7140504 0.7255279 0.6270155 0.6240475 0.6973638 0.6039523 0.7231165 0.6385271 0.6824079 0.6890849 0.5700961 0.6916463 0.8583499 1.0444080 0.6115158 0.6317141 0.6486317 0.6571145 0.6872361 0.7318414 0.5697626 0.6956926 0.6059647 0.0000000 1.0555190 0.6379563 0.8050363 0.6432327 0.8044451 0.8401451 0.5087066 0.6327286 0.7075079 0.7468724 0.7127195 0.6552164 0.7219114 0.6176321 0.6360137 0.6181098 0.9688211 0.5862034 0.7235052 0.6152146 0.6506937 0.6680496 0.6317621 0.5457653 0.6911847 0.7026997 0.9625009 0.6189864 0.7072195 0.6821984 0.6768992 0.6979847 0.5990014 0.6685892 0.7863225 0.8652531 0.6222889 0.6920031 0.6161831 0.5853763 0.6986975 0.6720237 0.7321091 0.6507222 0.6307610 0.9401856 0.5950075 0.6569250 0.6910092 0.6128929 0.6711387 0.6157720 0.7503405 0.6942406 0.7829769 0.6015907 0.6275882 0.6441659 0.8146235 0.6090853 0.7022255 0.6712522 0.6992251 0.6464687 0.6954687 1.2862044 0.6333511 0.6312053 0.6094816 
Dysnectes-brevis.ap.cs.fa               0.8350979 0.9078537 0.7545900 0.8626128 0.9064994 1.0236638 0.8970597 0.8526835 0.9495354 0.8557555 1.0057275 0.8639386 0.9093983 0.9707640 1.0144161 0.9055078 0.8263348 0.6934886 0.8945506 0.9276645 0.9385574 1.0279767 0.9448186 0.9912154 0.8335439 0.9578335 0.8533038 1.0555190 0.0000000 0.9166680 0.9159897 0.9847593 0.9043431 0.7120589 0.9677511 0.9327042 0.9530678 1.0099407 0.9327032 0.8816631 0.9923705 0.9079861 0.8817949 0.8726501 0.6508540 0.8503523 0.9276868 0.8772859 0.8360251 0.9312932 0.8594740 0.8551428 0.8894870 0.9602235 0.8848120 0.9066976 0.9580397 1.0444602 0.9472702 0.9241327 0.8506369 0.9207671 0.9467685 0.9910397 0.8517337 0.8927268 0.8722653 0.8395372 1.0047668 0.9405842 1.0120913 0.8840600 0.8812047 1.1385988 0.8616022 0.8623705 0.9099026 0.9055703 0.9534201 0.8427384 0.9033297 0.8718406 0.9490120 0.8810512 0.9018365 0.9093997 0.9058602 0.8670883 0.9736256 0.9309669 0.8934330 0.8938875 0.9923220 0.7204700 0.8131281 0.9165571 0.8711551 
Ectocarpus-siliculosus.ap.cs.fa         0.4557124 0.5009060 0.8187982 0.4982030 0.5869154 0.5726125 0.5114903 0.4783984 0.5631023 0.4678794 0.3818095 0.5197543 0.5324662 0.5415636 0.6740481 0.3459416 0.7654856 0.9299581 0.4847872 0.4759589 0.5395220 0.4919472 0.5728537 0.5945372 0.4506847 0.5860032 0.4765848 0.6379563 0.9166680 0.0000000 0.6952292 0.5069865 0.7228006 0.7130946 0.5597111 0.5050514 0.3779393 0.6179379 0.3844797 0.5422092 0.6298431 0.4983631 0.5199984 0.4888784 0.8176936 0.4466773 0.3613526 0.4964622 0.5038973 0.5450166 0.4800954 0.4437733 0.5554583 0.6489232 0.6221056 0.4663849 0.3642083 0.5482512 0.5242083 0.3462295 0.4582257 0.5255081 0.6636665 0.7178968 0.4832142 0.3600359 0.4712975 0.4395091 0.5572698 0.5119272 0.5716833 0.5035285 0.5125192 0.8257829 0.4697031 0.5418507 0.5717814 0.4736532 0.5354088 0.4570044 0.6037379 0.6161694 0.6517452 0.5121764 0.5332173 0.5449260 0.6866744 0.4783442 0.3591752 0.3473223 0.5784256 0.3520586 0.5640547 1.1595056 0.5483331 0.4894889 0.4788741 
Elphidium-margaritaceum.ap.cs.fa        0.6351322 0.7253987 0.8801300 0.6969106 0.7358249 0.7796883 0.6792936 0.6761378 0.7434288 0.7028455 0.7913580 0.7312129 0.7918257 0.6703593 0.8210150 0.7358657 0.8715592 1.0140699 0.7115652 0.7030312 0.7435424 0.7330256 0.7869607 0.7643158 0.6467708 0.7202513 0.6525352 0.8050363 0.9159897 0.6952292 0.0000000 0.7739014 0.8338036 0.8317487 0.7316996 0.7186335 0.7467030 0.7853766 0.7242147 0.7175568 0.7544554 0.7084744 0.7289409 0.7216210 1.0077446 0.6725839 0.7465220 0.6546678 0.7236296 0.7096958 0.6988500 0.6693085 0.7156597 0.7535605 1.0636692 0.6558097 0.7069357 0.7659770 0.7220679 0.7489869 0.6864148 0.7584907 0.7631857 0.8402997 0.7037943 0.7163829 0.6336955 0.6821077 0.7619045 0.7272035 0.7837578 0.7011157 0.7114550 0.3992253 0.6609631 0.6889989 0.7586625 0.7197786 0.7460534 0.6889130 0.7612976 0.7442839 0.7751672 0.7364394 0.7354858 0.7586842 0.8087027 0.7102401 0.7652932 0.7346153 0.7692835 0.6607501 0.7579508 1.1817399 0.7250254 0.7068636 0.6546582 
Emiliana-huxleyi.ap.cs.fa               0.4826962 0.5420638 0.8815006 0.5379841 0.6179135 0.5879920 0.5213006 0.4945903 0.5912109 0.4924555 0.5762369 0.5415959 0.5584132 0.5936520 0.6846059 0.5485410 0.7824414 1.0150865 0.4883565 0.5137419 0.5293281 0.2274331 0.5550417 0.6050723 0.4681000 0.6105116 0.4855917 0.6432327 0.9847593 0.5069865 0.7739014 0.0000000 0.7652326 0.7440848 0.5829200 0.5161327 0.5851063 0.6911597 0.5897613 0.5700098 0.7073652 0.5072882 0.5142453 0.5155622 0.8447435 0.4721695 0.5741140 0.5207008 0.5183771 0.5725652 0.4978379 0.4450434 0.5660845 0.6952982 0.8411400 0.5117157 0.5765508 0.5470097 0.5653899 0.5606374 0.4786909 0.5405592 0.7314157 0.7782413 0.5280969 0.5695648 0.4996478 0.4811885 0.5772809 0.5300685 0.5986064 0.5260155 0.5343818 0.9295153 0.4715804 0.5575023 0.6048088 0.5046157 0.5766834 0.4841010 0.6425809 0.6736940 0.7159335 0.5180733 0.5308703 0.5586864 0.7361059 0.4701627 0.5644473 0.5494430 0.6379125 0.5332494 0.5715360 1.2233642 0.6017847 0.5098323 0.5038454 
Entamoeba-dispar.ap.cs.fa               0.5969120 0.6893819 0.9311825 0.6459021 0.6992911 0.8092564 0.6491836 0.6892013 0.7610660 0.6688535 0.8220410 0.6981441 0.7715055 0.7434081 0.7716937 0.7470891 0.8504430 0.9603333 0.6880647 0.6771657 0.7157920 0.7423262 0.7835267 0.7337099 0.6450647 0.6925519 0.6470323 0.8044451 0.9043431 0.7228006 0.8338036 0.7652326 0.0000000 0.8867057 0.7304029 0.7339169 0.7762670 0.7663853 0.7700577 0.6615093 0.7374073 0.7200919 0.7477555 0.6757077 0.9585503 0.6712615 0.7822598 0.6302999 0.6831548 0.7247739 0.6885840 0.6692709 0.7073833 0.7348644 1.0552394 0.6573637 0.7609880 0.7664935 0.6831716 0.7667394 0.6556114 0.7302750 0.8048449 0.8516149 0.6670130 0.7618241 0.6110395 0.6691005 0.7794255 0.7068913 0.8159375 0.6807937 0.6824426 0.9537348 0.6417490 0.6740279 0.7048514 0.6925641 0.7463149 0.6534270 0.7612522 0.7052256 0.7912341 0.7105027 0.7010393 0.7376868 0.8097348 0.6888905 0.7666383 0.7514447 0.7301934 0.6895986 0.7792863 1.1532576 0.6906204 0.6907980 0.6217585 
Ergobibamus-cyprinoides.ap.cs.fa        0.6309854 0.7308162 0.6622461 0.6441987 0.7073354 0.8203033 0.6931851 0.6702861 0.7198249 0.6689749 0.7748708 0.6912488 0.7472393 0.7467162 0.8530826 0.7397225 0.6670619 0.7831055 0.6778779 0.6970418 0.7253707 0.7598991 0.7760597 0.7316336 0.6153703 0.7410472 0.6763487 0.8401451 0.7120589 0.7130946 0.8317487 0.7440848 0.8867057 0.0000000 0.7670772 0.7022829 0.7578629 0.7212063 0.7507868 0.6814624 0.8490104 0.7341473 0.7311096 0.6778838 0.7208399 0.6696892 0.7666858 0.6645163 0.6518683 0.7289233 0.7039277 0.6503450 0.7071644 0.7963506 0.9875537 0.6473622 0.7553404 0.7526228 0.6859140 0.7517692 0.6614766 0.7207406 0.8776492 0.8949097 0.6763766 0.7398228 0.6426705 0.6379897 0.8229322 0.6981566 0.7891588 0.7127474 0.7089120 0.9736009 0.6550736 0.6805590 0.7138544 0.7008165 0.7303802 0.6412110 0.7788214 0.7359177 0.8639373 0.7356289 0.7455893 0.7521126 0.8398631 0.6674954 0.7522310 0.7318444 0.7667507 0.6909289 0.7946436 1.1040663 0.6713484 0.6678892 0.6623951 
Euglena-gracilis.ap.cs.fa               0.4867304 0.5716081 0.7913348 0.5534995 0.6322426 0.6357835 0.5608947 0.5043372 0.6188419 0.5334987 0.6020245 0.5837857 0.5875840 0.6168248 0.5146545 0.5931222 0.7761127 0.9375880 0.5374652 0.5459763 0.5743633 0.5795736 0.6013456 0.6608149 0.4929420 0.6018501 0.5197710 0.5087066 0.9677511 0.5597111 0.7316996 0.5829200 0.7304029 0.7670772 0.0000000 0.5799164 0.6185277 0.6579273 0.6143460 0.5770753 0.5759134 0.5472521 0.5769432 0.5243977 0.9529203 0.5062528 0.6073375 0.5468765 0.5491076 0.5999496 0.5566868 0.4888062 0.6020286 0.6316512 0.8085376 0.5230436 0.6244254 0.6117299 0.5984284 0.5863265 0.5179297 0.5841477 0.7209595 0.8031633 0.5523394 0.5848811 0.5117385 0.5164738 0.6152765 0.5798527 0.6605123 0.5401408 0.5354044 0.8481631 0.5046626 0.5767339 0.6330927 0.5151000 0.6050726 0.5251938 0.6578165 0.6387415 0.7159738 0.5627713 0.5730163 0.5822055 0.7393990 0.5606487 0.6193433 0.5915552 0.6421657 0.5534756 0.6282982 1.2527697 0.5874011 0.5563067 0.5384846 
Fabomonas-tropica.ap.cs.fa              0.4429336 0.4969799 0.8463105 0.4849629 0.5728091 0.6014934 0.5044938 0.4697253 0.4624595 0.4707541 0.5591667 0.5078866 0.5316737 0.5361248 0.6788704 0.5373444 0.7530484 0.9420861 0.4849839 0.4767727 0.5114046 0.4899275 0.5487298 0.5854470 0.4307772 0.5772187 0.4626661 0.6327286 0.9327042 0.5050514 0.7186335 0.5161327 0.7339169 0.7022829 0.5799164 0.0000000 0.5591578 0.6231440 0.5602835 0.5275948 0.6669890 0.4982676 0.4931835 0.4679921 0.8054797 0.4493117 0.5756189 0.4768677 0.4966118 0.5455515 0.4852275 0.4574571 0.5508789 0.6522998 0.6908987 0.4920353 0.5345986 0.5740488 0.4512323 0.5369249 0.4648488 0.5345869 0.6834135 0.7294233 0.4815712 0.5344152 0.4460935 0.4350538 0.5831775 0.5148393 0.6037887 0.4872444 0.5037033 0.8105242 0.4472640 0.5305201 0.5400874 0.4729359 0.5140263 0.4465363 0.6201301 0.6225511 0.6682239 0.5084115 0.5081215 0.5276409 0.7091263 0.4676550 0.5576688 0.5293055 0.5755585 0.5040386 0.5859990 1.1845597 0.5427795 0.4911464 0.4697189 
Fistulifera-solaris.ap.cs.fa            0.5291699 0.5606190 0.8768158 0.5557183 0.6413961 0.6121972 0.5749021 0.5394961 0.6255000 0.5382672 0.4492309 0.5735919 0.5941210 0.5995337 0.7089860 0.2622685 0.8170078 0.9575674 0.5404281 0.5257468 0.5983313 0.5731142 0.6229428 0.6446431 0.5189366 0.6523352 0.5480760 0.7075079 0.9530678 0.3779393 0.7467030 0.5851063 0.7762670 0.7578629 0.6185277 0.5591578 0.0000000 0.7020269 0.1883595 0.5994884 0.7001242 0.5727223 0.5788492 0.5523073 0.8607933 0.5148211 0.2205029 0.5591357 0.5536743 0.6095429 0.5466264 0.5106721 0.6071991 0.7044700 0.6781841 0.5324037 0.1631388 0.5924252 0.5909617 0.1879679 0.5297363 0.5721864 0.7212688 0.7781643 0.5594497 0.1319131 0.5281563 0.5049897 0.6038073 0.5896316 0.6138059 0.5605182 0.5691887 0.8548602 0.5299118 0.5980279 0.6323630 0.5492813 0.5971309 0.5375619 0.6603953 0.6898540 0.7085474 0.5732828 0.5899100 0.5985499 0.7219133 0.5319927 0.1959518 0.1824673 0.6672941 0.4113828 0.6120629 1.2007455 0.5977419 0.5435750 0.5495812 
Fonticula-alba.ap.cs.fa                 0.5410167 0.6259292 0.8752796 0.4934063 0.6484225 0.7328564 0.5698805 0.5584123 0.6723961 0.5909247 0.7141150 0.5937226 0.6616799 0.6750298 0.7595323 0.6779058 0.7780602 0.9757992 0.5935788 0.6001200 0.6205880 0.6562593 0.6921311 0.6736011 0.5725195 0.6342758 0.5720902 0.7468724 1.0099407 0.6179379 0.7853766 0.6911597 0.7663853 0.7212063 0.6579273 0.6231440 0.7020269 0.0000000 0.6769173 0.6070458 0.7670720 0.6383929 0.6477884 0.5666457 0.8125718 0.5628459 0.7022111 0.5608364 0.4972367 0.6123923 0.6065753 0.5529139 0.5773278 0.7417427 0.8163722 0.5473576 0.6894988 0.6762606 0.6033176 0.6701617 0.5951348 0.6372108 0.7587356 0.8162961 0.4326115 0.6627941 0.5624533 0.5647911 0.7168928 0.6281890 0.7298679 0.6113256 0.6117005 0.9300082 0.5529602 0.5684878 0.5625386 0.6097519 0.6347038 0.4794206 0.7161434 0.7023083 0.7441442 0.6190467 0.6550437 0.6848194 0.7539186 0.5636427 0.6761110 0.6630841 0.6511094 0.6365086 0.7191593 1.1941858 0.6098050 0.5817450 0.5423746 
Fragilariopsis-cylindrus.ap.cs.fa       0.5121898 0.5762547 0.8642248 0.5595692 0.6347647 0.6175763 0.5758018 0.5356301 0.6266035 0.5398685 0.4242444 0.5905958 0.5872563 0.5936736 0.7311783 0.2729069 0.7900833 0.9302914 0.5402600 0.5388540 0.5904074 0.5606155 0.6267197 0.6683432 0.5038807 0.6314008 0.5446046 0.7127195 0.9327032 0.3844797 0.7242147 0.5897613 0.7700577 0.7507868 0.6143460 0.5602835 0.1883595 0.6769173 0.0000000 0.5856680 0.6305440 0.5778689 0.5699500 0.5518884 0.8450224 0.5112324 0.2247410 0.5507092 0.5520189 0.6070163 0.5327536 0.5072905 0.6161644 0.6836079 0.6866930 0.5339212 0.1102823 0.6126332 0.5911977 0.1844068 0.5220813 0.5749815 0.7250345 0.7909400 0.5568536 0.1695305 0.5280057 0.5081398 0.6040772 0.5936475 0.6262929 0.5681069 0.5726861 0.8697948 0.5344306 0.6089303 0.6113283 0.5219516 0.6027373 0.5287546 0.6593975 0.6844657 0.7071248 0.5706195 0.5992870 0.5926314 0.7323180 0.5234967 0.1949740 0.1892129 0.6562569 0.4059865 0.6078966 1.2057394 0.6026604 0.5489653 0.5482732 
