97
Acanthamoeba-castellanii.ap.cs.fa       0.0000000 0.4386081 0.7242618 0.4067588 0.4984952 0.5558862 0.4114731 0.4069132 0.5037831 0.4132236 0.5573394 0.4563057 0.5168669 0.5061121 0.5937869 0.5012771 0.6872640 0.8028285 0.4316549 0.4137505 0.4823687 0.4684422 0.5033470 0.5500322 0.3608989 0.4469423 0.3953281 0.5771592 0.8426239 0.4603743 0.6415182 0.4876028 0.6027094 0.6371399 0.4919796 0.4476206 0.5346313 0.5464600 0.5174063 0.4592539 0.5368232 0.4382942 0.4572847 0.3816481 0.7364037 0.3953431 0.5346249 0.3973535 0.4147452 0.4698687 0.4548111 0.4150052 0.4711482 0.5728512 0.7198043 0.4116840 0.5145869 0.5072758 0.4648906 0.4975918 0.4126679 0.4871001 0.5903914 0.6539994 0.4131500 0.5154089 0.3558570 0.3891742 0.5557211 0.4543385 0.5613508 0.4216455 0.4409797 0.7486713 0.3963089 0.4604907 0.5074321 0.4253973 0.4719877 0.3820801 0.5468520 0.5141854 0.5708692 0.4699513 0.4807839 0.4949415 0.6253152 0.4228948 0.5075899 0.4984676 0.4911623 0.4542582 0.5461479 1.0432617 0.4811944 0.4237719 0.3962053 
Acanthocystis-sp.ap.cs.fa               0.4386081 0.0000000 0.8348031 0.5097569 0.5739002 0.5901183 0.5046315 0.4542402 0.5680877 0.4672616 0.5994160 0.5340831 0.5755167 0.5665757 0.6782238 0.5580694 0.7354018 0.9288182 0.4964903 0.3365885 0.5217538 0.5402669 0.5580718 0.5960601 0.4419475 0.5784103 0.4668093 0.6699133 0.9161697 0.5062009 0.7327564 0.5477513 0.6962768 0.7376215 0.5777938 0.5023370 0.5664999 0.6322489 0.5821156 0.5126777 0.6516350 0.5133351 0.5165208 0.4825952 0.8530070 0.4617418 0.5853573 0.4788384 0.5157342 0.5536689 0.5187909 0.4610218 0.5700143 0.6281440 0.7282715 0.4698797 0.5615407 0.5712109 0.5377597 0.5500499 0.4705795 0.5573927 0.6578088 0.7077287 0.5006400 0.5525109 0.4575030 0.4597693 0.5608887 0.5298615 0.5998493 0.2722522 0.2785496 0.8380489 0.4589752 0.5424543 0.5695131 0.4854405 0.5523519 0.4690344 0.5948975 0.6175231 0.6393471 0.5324923 0.5365722 0.5543209 0.6788177 0.4789574 0.5589558 0.5484816 0.5903761 0.4983301 0.5726092 1.2025584 0.5427818 0.5098925 0.4749792 
Aduncisulcus-paluster.ap.cs.fa          0.7242618 0.8348031 0.0000000 0.7692054 0.8250695 0.8942773 0.8221924 0.7857872 0.8344394 0.7898672 0.9185796 0.7406519 0.8295967 0.8701144 0.9042144 0.8256578 0.7465836 0.7638608 0.7911313 0.7999437 0.8607424 0.8946587 0.8682641 0.8498389 0.7627089 0.8334364 0.7935490 0.9203197 0.7620227 0.8270226 0.8887439 0.8895460 0.9394926 0.6686323 0.7996338 0.8544162 0.8855472 0.8836353 0.8730103 0.8206296 0.9852202 0.8290990 0.8135205 0.7618167 0.8080253 0.7750829 0.8261523 0.7695922 0.7769531 0.8455278 0.7854583 0.7781262 0.8384700 0.8676443 0.7842192 0.7659279 0.8689208 0.8562951 0.7798179 0.8785517 0.7932283 0.8062177 0.9071330 0.9573172 0.7608580 0.8586053 0.7710138 0.7420540 0.8954321 0.8421041 0.8639235 0.8235824 0.8349413 1.0270961 0.7820323 0.7900709 0.8421689 0.8669400 0.8835907 0.7536946 0.8909580 0.8231206 0.8793469 0.7776289 0.8387007 0.7937702 0.8764781 0.7608908 0.8330386 0.8535250 0.8328444 0.8096456 0.8668882 1.0018562 0.7598050 0.7884383 0.7729709 
Allomyces-macrogynus.ap.cs.fa           0.4067588 0.5097569 0.7692054 0.0000000 0.5264390 0.5838866 0.4391279 0.4551159 0.5445963 0.4730604 0.5956452 0.4977022 0.5583327 0.5415304 0.6491951 0.5563221 0.6866556 0.8784738 0.4741620 0.4633943 0.5073566 0.5104940 0.5588536 0.5535968 0.4377146 0.5275173 0.4362845 0.6306541 0.8705343 0.5033232 0.7037898 0.5434311 0.6521581 0.6505177 0.5592680 0.4900089 0.5613947 0.4986008 0.5651692 0.4819266 0.6228826 0.4916717 0.5179479 0.4544813 0.7384846 0.4552160 0.5694641 0.4330209 0.2924667 0.4823347 0.4912500 0.4391810 0.4902559 0.5994877 0.7348051 0.4255975 0.5487326 0.5400269 0.4893203 0.5388301 0.4684688 0.5379465 0.6376071 0.6975827 0.3585383 0.5536667 0.4255985 0.4498253 0.5694993 0.4963349 0.5848852 0.4980994 0.5046656 0.8049672 0.4283032 0.4611067 0.3769472 0.4912649 0.5205548 0.2688045 0.6087162 0.6003961 0.6241142 0.5207276 0.5348140 0.5543454 0.6525388 0.4685244 0.5569064 0.5427037 0.5443096 0.4919022 0.5733958 1.0802423 0.5095221 0.4777138 0.4062138 
Amastigomonas-sp.ap.cs.fa               0.4984952 0.5739002 0.8250695 0.5264390 0.0000000 0.6852515 0.5563137 0.5427032 0.6290601 0.5428536 0.6629645 0.5745741 0.6287920 0.6338214 0.7116218 0.6273644 0.7481105 0.9307335 0.5511508 0.5185222 0.5870741 0.6153104 0.6265765 0.6664793 0.5091222 0.5908415 0.5237437 0.7212344 0.9143988 0.5927954 0.7430829 0.6241655 0.7061569 0.7141722 0.6389871 0.5786735 0.6478340 0.6549002 0.6410804 0.5913630 0.6672986 0.6010005 0.5845088 0.5349859 0.8113224 0.5226623 0.6429818 0.5276754 0.5438887 0.5919271 0.5653562 0.4953741 0.5828803 0.7009022 0.8268346 0.5392469 0.6178758 0.6207684 0.5782765 0.6220657 0.5432508 0.6037456 0.7200649 0.7775400 0.5188082 0.6189577 0.5383729 0.5172893 0.6600606 0.6023628 0.6836532 0.5677158 0.5847669 0.8418638 0.5111863 0.5512583 0.6038675 0.5577975 0.5769855 0.5127775 0.6888608 0.6392929 0.7163786 0.5863763 0.6041931 0.6202964 0.7382214 0.5369213 0.6225348 0.6109645 0.4170132 0.5609656 0.6688082 1.1265899 0.5770872 0.5593409 0.5187999 
Amphidinium-carterae.ap.cs.fa           0.5558862 0.5901183 0.8942773 0.5838866 0.6852515 0.0000000 0.6108687 0.5664513 0.6617156 0.5633503 0.6497087 0.6158126 0.6377351 0.6460702 0.7390613 0.6053348 0.8458554 0.9934957 0.5636471 0.5559397 0.6140562 0.5862643 0.6401550 0.6754295 0.5444649 0.6642958 0.5641127 0.7325527 1.0318658 0.5782777 0.7871636 0.5939597 0.8165011 0.8275043 0.6423577 0.6073893 0.6181611 0.7396721 0.6234980 0.6351685 0.7653386 0.5693100 0.6045698 0.5820847 0.8516354 0.5479491 0.6211875 0.6000239 0.6129229 0.6512562 0.5909301 0.5483982 0.6505018 0.7327525 0.8751154 0.5776802 0.6151844 0.3642010 0.6443746 0.6027911 0.5514690 0.6216268 0.6957575 0.7460596 0.6074015 0.6063459 0.5811413 0.5450546 0.2255881 0.6160023 0.2303331 0.5970989 0.6117834 0.8853523 0.5556347 0.6359144 0.6709112 0.5810888 0.6445552 0.5671877 0.6350619 0.7320785 0.6830145 0.5854162 0.6159741 0.6387386 0.7184826 0.5573886 0.6180106 0.5967531 0.6919683 0.5934545 0.2016143 1.2603491 0.6381201 0.5730330 0.5916799 
Amphimedon-queenslandica.ap.cs.fa       0.4114731 0.5046315 0.8221924 0.4391279 0.5563137 0.6108687 0.0000000 0.4644677 0.5574205 0.4656492 0.6053547 0.5191387 0.5551886 0.5513415 0.6510585 0.5518008 0.7391834 0.9005914 0.4851336 0.4829139 0.5197239 0.5127739 0.5587179 0.5913311 0.4339605 0.5235360 0.4385409 0.6333408 0.9052851 0.5168250 0.6859948 0.5266002 0.6554580 0.6998765 0.5668877 0.5096651 0.5806872 0.5756756 0.5815586 0.4993827 0.6031176 0.4824758 0.5158446 0.4627540 0.8064558 0.4535343 0.5751129 0.2798360 0.4449787 0.3414145 0.4993772 0.4354441 0.4126517 0.6098905 0.7780423 0.2710526 0.5699507 0.5691616 0.4951426 0.5533214 0.4526132 0.5441905 0.6567860 0.7199695 0.4311101 0.5684313 0.4492247 0.4495403 0.5869328 0.5255322 0.6181894 0.4947732 0.4983777 0.7651398 0.4507445 0.3892385 0.5058710 0.4833019 0.5128644 0.3975892 0.5951116 0.5984237 0.6425403 0.5237189 0.5401668 0.5593401 0.6658386 0.4779704 0.5816135 0.5573519 0.5459817 0.5214759 0.5975278 1.1184408 0.5171700 0.4976784 0.2619672 
Ancoracysta-twista.ap.cs.fa             0.4069132 0.4542402 0.7857872 0.4551159 0.5427032 0.5664513 0.4644677 0.0000000 0.5316240 0.4313664 0.5518212 0.4846534 0.5041102 0.5178686 0.6081291 0.5225551 0.7162373 0.8910881 0.4543232 0.4450046 0.4849522 0.4787502 0.5216406 0.5783797 0.3733598 0.5194314 0.4286388 0.6303769 0.8605402 0.4833613 0.6830131 0.4996888 0.6958524 0.6767173 0.5097269 0.4747031 0.5450717 0.5640830 0.5410348 0.5094975 0.5483776 0.4549297 0.4700088 0.4336178 0.7919275 0.4099495 0.5321040 0.4438354 0.4554347 0.4727707 0.4544475 0.4258180 0.5045451 0.5912764 0.8538670 0.4202909 0.5247122 0.5106059 0.4875075 0.5116308 0.4267559 0.4815617 0.6582528 0.7160696 0.4456528 0.5214931 0.4167114 0.3980079 0.5655339 0.4985057 0.5668124 0.4545117 0.4693190 0.8275992 0.4333113 0.5067117 0.5343641 0.4314467 0.4844451 0.4223852 0.5782040 0.5566619 0.6405006 0.4678104 0.4804019 0.4554795 0.6689888 0.4263647 0.5154064 0.5197300 0.5595104 0.4707477 0.5536101 1.1285527 0.5434487 0.4501708 0.4417903 
Ancyromonas-sigmoides.ap.cs.fa          0.5037831 0.5680877 0.8344394 0.5445963 0.6290601 0.6617156 0.5574205 0.5316240 0.0000000 0.5389794 0.6455591 0.5644868 0.6213196 0.6363438 0.7015146 0.6211801 0.7708949 0.9570771 0.5652859 0.5470896 0.5534877 0.5995465 0.5920879 0.6230331 0.4985538 0.6112315 0.5099783 0.7041020 0.9576768 0.5685834 0.7503660 0.5970356 0.7679962 0.7263416 0.6251047 0.4672306 0.6317048 0.6790006 0.6326286 0.6062725 0.7188954 0.5498823 0.5722096 0.5171165 0.8219604 0.5249693 0.6472732 0.5376412 0.5745597 0.6105202 0.5537114 0.4892599 0.6018033 0.7113053 0.8207980 0.5397413 0.6018281 0.6127565 0.4363461 0.6143761 0.5315392 0.5854269 0.7441384 0.8036347 0.5479752 0.6180641 0.5291436 0.5155015 0.6487826 0.5619338 0.6698511 0.5719176 0.5730344 0.8942599 0.5092884 0.5561701 0.6222129 0.5674475 0.5828063 0.5243978 0.6705781 0.6715191 0.7371502 0.5390293 0.5755146 0.5898859 0.7559014 0.5317140 0.6217294 0.6091182 0.5902817 0.5824100 0.6583687 1.1871866 0.5132947 0.5624320 0.5279695 
Arabidopsis-thaliana.ap.cs.fa           0.4132236 0.4672616 0.7898672 0.4730604 0.5428536 0.5633503 0.4656492 0.4313664 0.5389794 0.0000000 0.5586151 0.3634949 0.4183754 0.5208773 0.6583565 0.5207555 0.7263721 0.9081386 0.3311331 0.4573583 0.4783120 0.4809477 0.5165882 0.5404111 0.3955557 0.5394987 0.4068266 0.6099956 0.8636102 0.4727488 0.7099378 0.4975022 0.6751620 0.6754714 0.5392292 0.4756843 0.5437593 0.5969424 0.5453758 0.4618709 0.5967511 0.4412608 0.4540319 0.4354146 0.7911736 0.2184584 0.5517250 0.4603435 0.4644625 0.5128741 0.3371800 0.2984010 0.5238437 0.5928836 0.7417194 0.4492631 0.5257403 0.4449938 0.4818200 0.5281433 0.1486195 0.3930913 0.6477312 0.6942275 0.4654916 0.5285063 0.4447627 0.1743166 0.5487069 0.4730639 0.5799026 0.4690270 0.4808724 0.8003023 0.4104710 0.5142319 0.5324681 0.2046214 0.4849191 0.4280385 0.5857492 0.5752433 0.6302467 0.4666527 0.4909121 0.4945854 0.6654988 0.3087094 0.5246704 0.5126719 0.5721614 0.4810943 0.5554107 1.1341716 0.5108101 0.3452609 0.4479203 
Aureococcus-anophagefferens.ap.cs.fa    0.5573394 0.5994160 0.9185796 0.5956452 0.6629645 0.6497087 0.6053547 0.5518212 0.6455591 0.5586151 0.0000000 0.5865606 0.6071541 0.6084686 0.7455891 0.4168841 0.8489971 0.9388338 0.5618638 0.5548973 0.6119246 0.5699374 0.6368114 0.6833021 0.5117318 0.6631965 0.5691711 0.7301289 1.0140913 0.3857789 0.7989793 0.5819616 0.8296430 0.7821051 0.6083252 0.5648337 0.4539383 0.7210008 0.4286712 0.6203270 0.7709567 0.5800108 0.5870520 0.5713845 0.8948630 0.5252206 0.4613994 0.5751574 0.5552951 0.6153322 0.5554524 0.5093902 0.5949051 0.7257127 0.7088888 0.5452041 0.4461670 0.6232641 0.6220439 0.4242267 0.5503699 0.5928613 0.7485226 0.8083932 0.5841175 0.4399486 0.5454608 0.4905798 0.6305052 0.6031874 0.6642389 0.5816820 0.5829180 0.9178628 0.5388030 0.6229015 0.6549568 0.5401096 0.6321793 0.5454659 0.6924139 0.7583830 0.7371518 0.5487939 0.6048588 0.6113920 0.7821623 0.5125600 0.4124727 0.3890409 0.6666135 0.4481214 0.6375618 1.2395691 0.6271885 0.5423603 0.5642602 
Auxenochlorella-protothecoides.ap.cs.fa 0.4563057 0.5340831 0.7406519 0.4977022 0.5745741 0.6158126 0.5191387 0.4846534 0.5644868 0.3634949 0.5865606 0.0000000 0.4420428 0.5992345 0.6689835 0.5786318 0.7406013 0.8544470 0.2816881 0.5065192 0.5095722 0.5320616 0.5608299 0.5771457 0.4419485 0.6031075 0.4723248 0.6445546 0.8715764 0.5247782 0.7380073 0.5467830 0.7043237 0.6976093 0.5895097 0.5128596 0.5791952 0.5995158 0.5963286 0.5127460 0.6286110 0.4922219 0.5274389 0.5022826 0.8288367 0.3376769 0.5939006 0.5271520 0.4948327 0.5581068 0.3642906 0.2511629 0.5381110 0.6376596 0.7285286 0.5028923 0.5789817 0.4529923 0.5249525 0.5715901 0.3634205 0.4135391 0.7054029 0.7238612 0.4874759 0.5667982 0.4966735 0.3310621 0.5839062 0.5024662 0.6120045 0.5319961 0.5313622 0.8412147 0.4404694 0.5398147 0.5500227 0.3735347 0.5431808 0.4597755 0.6360977 0.6462760 0.6905353 0.5199484 0.5532783 0.5514739 0.6981238 0.2873404 0.5755376 0.5545710 0.6110069 0.5132295 0.5914130 1.1363403 0.5669248 0.2851592 0.5007374 
Bathycoccus-prasinos.ap.cs.fa           0.5168669 0.5755167 0.8295967 0.5583327 0.6287920 0.6377351 0.5551886 0.5041102 0.6213196 0.4183754 0.6071541 0.4420428 0.0000000 0.6033983 0.7023492 0.5575030 0.7887317 0.9623632 0.4027759 0.5376126 0.5468061 0.5678068 0.5850446 0.6337597 0.4841207 0.6268703 0.5233554 0.6891955 0.9174316 0.5379424 0.7995011 0.5639587 0.7787415 0.7541864 0.5938598 0.5370755 0.6000656 0.6683124 0.5930711 0.5744389 0.6800834 0.5277644 0.5317993 0.5484084 0.9054642 0.3801553 0.5817906 0.5536031 0.5533016 0.5924419 0.2377241 0.3750802 0.5730492 0.6954427 0.8075144 0.5223878 0.5739517 0.5120279 0.5926650 0.5658225 0.4117885 0.2383935 0.7310976 0.7837131 0.5463032 0.5842243 0.5425511 0.3743892 0.6269242 0.5505043 0.6514773 0.5646639 0.5750102 0.9323452 0.5034221 0.5874273 0.6194422 0.4176515 0.6190690 0.5196183 0.6921757 0.6754401 0.7144139 0.5623337 0.5706378 0.5790831 0.7410706 0.3778704 0.5718708 0.5503635 0.6362243 0.5311708 0.6198293 1.1950974 0.6120097 0.4039099 0.5308695 
Bigelowiella-natans.ap.cs.fa            0.5061121 0.5665757 0.8701144 0.5415304 0.6338214 0.6460702 0.5513415 0.5178686 0.6363438 0.5208773 0.6084686 0.5992345 0.6033983 0.0000000 0.7206719 0.5889847 0.7851967 1.0366484 0.5380004 0.5415314 0.5722419 0.6020598 0.6163377 0.6404341 0.4935510 0.6357573 0.5224618 0.6959816 0.9793780 0.5471366 0.6770329 0.5995846 0.7502132 0.7540853 0.6235356 0.5418063 0.6056741 0.6818176 0.5996492 0.5888753 0.6326269 0.5258507 0.5653982 0.5497241 0.8477061 0.5094889 0.5976485 0.5425394 0.5538297 0.6039787 0.5436576 0.4917274 0.5922610 0.6401788 0.8790215 0.5178140 0.5688513 0.6010100 0.5883334 0.5892560 0.5269381 0.5885878 0.7102517 0.7563544 0.5535834 0.5915709 0.5110218 0.5031816 0.6183302 0.5854705 0.6439625 0.5571435 0.5619377 0.8016136 0.5079010 0.5859316 0.6186378 0.5162370 0.5328401 0.5217968 0.6575616 0.6721562 0.6913891 0.5695352 0.5783775 0.5726049 0.7209672 0.5201989 0.6045502 0.5865612 0.6307764 0.5402445 0.6285051 1.2011445 0.5995055 0.5377242 0.5180745 
Bodo-saltans.ap.cs.fa                   0.5937869 0.6782238 0.9042144 0.6491951 0.7116218 0.7390613 0.6510585 0.6081291 0.7015146 0.6583565 0.7455891 0.6689835 0.7023492 0.7206719 0.0000000 0.7044592 0.8133580 1.0559242 0.6507288 0.6333181 0.6595254 0.6850728 0.6971545 0.7619495 0.6215588 0.6969105 0.6161563 0.5759248 1.0232064 0.6804571 0.8285617 0.6914048 0.7789612 0.8602407 0.5199868 0.6855290 0.7157991 0.7668541 0.7382326 0.6733438 0.7673904 0.6499309 0.6705249 0.6420080 0.9120244 0.6335828 0.7475577 0.6444510 0.6897250 0.6906132 0.6653344 0.6086893 0.7106507 0.7126628 1.0405883 0.6565379 0.7107878 0.6935719 0.6761613 0.7227731 0.6405285 0.6836845 0.8143369 0.8129051 0.6535691 0.7030592 0.6288110 0.6393705 0.7327845 0.6797400 0.7494061 0.6753751 0.6419631 0.9345001 0.6104422 0.6859432 0.7296888 0.6756578 0.7168570 0.6371083 0.7593206 0.6625552 0.7946795 0.6006948 0.6119466 0.6268968 0.8100342 0.6515220 0.7364221 0.7117068 0.7106694 0.6773588 0.7226437 1.2224961 0.6867518 0.6492176 0.6318953 
Bolidomonas-pacifica.ap.cs.fa           0.5012771 0.5580694 0.8256578 0.5563221 0.6273644 0.6053348 0.5518008 0.5225551 0.6211801 0.5207555 0.4168841 0.5786318 0.5575030 0.5889847 0.7044592 0.0000000 0.7755511 0.9420006 0.5268275 0.5354435 0.5686941 0.5242201 0.5867678 0.6595384 0.4805392 0.6246598 0.5343633 0.6983336 0.9132817 0.3496153 0.7429680 0.5540089 0.7542461 0.7466548 0.5994899 0.5427107 0.2651041 0.6844638 0.2758320 0.5829255 0.6979148 0.5616209 0.5571172 0.5252804 0.8735396 0.5091811 0.2285960 0.5437859 0.5493402 0.6035805 0.5197501 0.4897118 0.5885233 0.6829085 0.6592079 0.5179421 0.2545817 0.5958058 0.5900959 0.2317417 0.5183403 0.5614524 0.7106221 0.7770596 0.5552448 0.2469616 0.5056304 0.5009543 0.5840031 0.5725425 0.6141044 0.5561560 0.5598631 0.8594481 0.5154173 0.5856044 0.6093054 0.5298193 0.5956315 0.5250458 0.6330728 0.6701583 0.6921003 0.5442219 0.5676222 0.5873711 0.7170217 0.5286360 0.2405860 0.2268948 0.6374583 0.3991878 0.5945735 1.2064821 0.6059724 0.5351050 0.5392604 
Carpediemonas-membranifera.ap.cs.fa     0.6872640 0.7354018 0.7465836 0.6866556 0.7481105 0.8458554 0.7391834 0.7162373 0.7708949 0.7263721 0.8489971 0.7406013 0.7887317 0.7851967 0.8133580 0.7755511 0.0000000 0.8785927 0.7426601 0.7204174 0.7618875 0.8087774 0.8207907 0.7647661 0.6937352 0.7875057 0.7208227 0.8664105 0.8337295 0.7727361 0.8792822 0.7897346 0.8579957 0.6733211 0.7836014 0.7603999 0.8245236 0.7852558 0.7971929 0.7476598 0.9090025 0.7789544 0.7455745 0.7144578 0.7659716 0.7052690 0.8158453 0.7147550 0.7183022 0.7761975 0.7362315 0.6558431 0.7551562 0.7869779 1.0756676 0.7003522 0.7807786 0.7943460 0.7391450 0.8039862 0.7317938 0.7550510 0.8627301 0.9274905 0.7069472 0.7786038 0.7048927 0.6977484 0.8223031 0.7669982 0.8588426 0.7390382 0.7333995 0.9857180 0.7072849 0.7243256 0.7428525 0.7544589 0.7837451 0.6923409 0.7940667 0.8105667 0.8449593 0.7287738 0.7565455 0.7553113 0.8810541 0.6927891 0.8051480 0.7761723 0.7844900 0.7433366 0.8314657 1.0752480 0.7066029 0.7432874 0.7121623 
Chilomastix-cuspidata.ap.cs.fa          0.8028285 0.9288182 0.7638608 0.8784738 0.9307335 0.9934957 0.9005914 0.8910881 0.9570771 0.9081386 0.9388338 0.8544470 0.9623632 1.0366484 1.0559242 0.9420006 0.8785927 0.0000000 0.8934158 0.9241071 0.9478232 0.9991672 0.9869386 0.9335322 0.8886340 0.9691898 0.8688788 1.0541144 0.7004251 0.9384747 1.0233592 1.0240136 0.9693247 0.7905561 0.9462127 0.9507669 0.9665007 0.9850054 0.9386864 0.9020522 0.9265502 0.9900023 0.9438121 0.9599497 0.9079850 0.8610646 0.9609833 0.8958382 0.8954616 0.9678459 0.9279880 0.8813815 0.9335812 0.9921886 1.1697961 0.8966097 0.9476748 0.9958308 0.9302740 0.9572119 0.8918331 0.9586440 1.0162936 1.0688647 0.9440130 0.9483351 0.8633073 0.8793249 0.9725403 0.9205243 1.0092418 0.9261744 0.9171446 1.1611641 0.8664445 0.8662372 0.9170308 0.8871314 1.0228845 0.8947665 1.0242776 0.9126919 1.0309820 0.9368797 0.9635259 1.0015497 1.0385748 0.9129371 0.9694634 0.9349079 0.9569075 0.8764302 0.9620753 1.1162294 0.8627644 0.8981950 0.9018833 
Chlamydomonas-reinhardtii.ap.cs.fa      0.4316549 0.4964903 0.7911313 0.4741620 0.5511508 0.5636471 0.4851336 0.4543232 0.5652859 0.3311331 0.5618638 0.2816881 0.4027759 0.5380004 0.6507288 0.5268275 0.7426601 0.8934158 0.0000000 0.4777588 0.4973574 0.4831213 0.5124903 0.5389210 0.4020083 0.5687871 0.4357580 0.6175750 0.9024804 0.4897497 0.7186475 0.4932304 0.6944562 0.6845290 0.5431057 0.4899306 0.5459243 0.5995502 0.5456403 0.4718172 0.6116978 0.4621254 0.4774077 0.4644569 0.8089906 0.2959563 0.5520095 0.4861369 0.4714050 0.5249733 0.3397821 0.1854902 0.5253300 0.6200209 0.7050917 0.4661596 0.5237134 0.3791079 0.4973246 0.5266313 0.3214638 0.3773025 0.6452946 0.7133478 0.4796218 0.5352121 0.4702305 0.2949927 0.5520910 0.4823625 0.5756704 0.4887621 0.4957989 0.8100865 0.4229893 0.5224889 0.5447959 0.3348519 0.5216967 0.4417909 0.6042541 0.6116155 0.6337086 0.4868018 0.5040584 0.5146186 0.6594063 0.2580193 0.5373723 0.5203019 0.5850072 0.4924741 0.5564754 1.1414578 0.5564650 0.0551550 0.4622204 
Choanocystis-sp.ap.cs.fa                0.4137505 0.3365885 0.7999437 0.4633943 0.5185222 0.5559397 0.4829139 0.4450046 0.5470896 0.4573583 0.5548973 0.5065192 0.5376126 0.5415314 0.6333181 0.5354435 0.7204174 0.9241071 0.4777588 0.0000000 0.4951951 0.5072918 0.5346235 0.5761683 0.4172264 0.5437853 0.4272947 0.6380887 0.9357428 0.4807959 0.7100794 0.5188770 0.6836153 0.7036610 0.5517637 0.4817275 0.5311520 0.6061214 0.5442376 0.4868197 0.6215571 0.4540388 0.4799355 0.4524047 0.8137284 0.4377652 0.5612019 0.4548849 0.4644699 0.5352809 0.4754877 0.4243814 0.5415727 0.5949599 0.7188152 0.4630121 0.5286531 0.5190171 0.5057388 0.5159022 0.4512463 0.5031232 0.6405762 0.6861364 0.4627664 0.5202687 0.4569970 0.4380378 0.5365842 0.4985969 0.5682191 0.3333834 0.3518277 0.8164309 0.4106594 0.5160407 0.5363729 0.4678895 0.5041960 0.4278671 0.5737914 0.5977651 0.6221907 0.4839095 0.5108087 0.5238750 0.6526556 0.4522831 0.5326343 0.5086594 0.5589725 0.4823556 0.5335881 1.1777623 0.5253141 0.4833426 0.4515635 
Chondrus-crispus.ap.cs.fa               0.4823687 0.5217538 0.8607424 0.5073566 0.5870741 0.6140562 0.5197239 0.4849522 0.5534877 0.4783120 0.6119246 0.5095722 0.5468061 0.5722419 0.6595254 0.5686941 0.7618875 0.9478232 0.4973574 0.4951951 0.0000000 0.5335360 0.5507907 0.4546356 0.4736910 0.6014482 0.4702761 0.6549622 0.9467639 0.5449285 0.7506053 0.5346515 0.7224292 0.7321531 0.5804374 0.5165703 0.6043469 0.6267126 0.5961661 0.3793484 0.6731190 0.5117953 0.5167772 0.5130208 0.8226765 0.4621504 0.5867764 0.5036857 0.5170067 0.5589049 0.5096968 0.4678868 0.5461519 0.6390437 0.7665997 0.4930482 0.5596700 0.5586636 0.5336421 0.5574322 0.4679816 0.5290252 0.6931258 0.7927551 0.5025280 0.5705999 0.5084313 0.4588458 0.6329401 0.3071385 0.6240097 0.5162596 0.5260256 0.8899084 0.4541527 0.5468045 0.5973661 0.4880515 0.5701036 0.4765525 0.6114549 0.6145187 0.6731516 0.5360370 0.5357697 0.5444081 0.7227690 0.4695509 0.5751535 0.5607642 0.5999230 0.5371011 0.6045778 1.1529440 0.5780674 0.4981971 0.4896710 
Chrysochromulina-sp.ap.cs.fa            0.4684422 0.5402669 0.8946587 0.5104940 0.6153104 0.5862643 0.5127739 0.4787502 0.5995465 0.4809477 0.5699374 0.5320616 0.5678068 0.6020598 0.6850728 0.5242201 0.8087774 0.9991672 0.4831213 0.5072918 0.5335360 0.0000000 0.5747414 0.6248245 0.4328721 0.5956291 0.4875401 0.6638884 1.0364573 0.4970983 0.7401756 0.2299245 0.7491034 0.7673812 0.5859816 0.4951119 0.5790642 0.6628524 0.5662801 0.5675768 0.7301192 0.4938942 0.5306183 0.5024738 0.8273156 0.4641275 0.5586473 0.5316823 0.5020205 0.5648899 0.5027947 0.4296526 0.5725382 0.6898413 0.7533608 0.4807292 0.5565197 0.5380569 0.5571247 0.5547764 0.4696304 0.5384311 0.7229892 0.7460121 0.5086246 0.5604731 0.4939634 0.4476495 0.5689475 0.5326382 0.5823185 0.5219064 0.5303745 0.8897174 0.4674415 0.5771746 0.5983957 0.4904609 0.5190297 0.4783253 0.6432378 0.6679568 0.7116053 0.4970373 0.5195320 0.5374737 0.7163025 0.4790606 0.5535773 0.5297981 0.6509224 0.5146968 0.5620181 1.2569178 0.5995279 0.4979853 0.4946989 
Cryptophyceae-sp.ap.cs.fa               0.5033470 0.5580718 0.8682641 0.5588536 0.6265765 0.6401550 0.5587179 0.5216406 0.5920879 0.5165882 0.6368114 0.5608299 0.5850446 0.6163377 0.6971545 0.5867678 0.8207907 0.9869386 0.5124903 0.5346235 0.5507907 0.5747414 0.0000000 0.6401530 0.4988754 0.6373302 0.5270873 0.6937241 0.9527934 0.5783838 0.7942471 0.5604587 0.7901998 0.7828877 0.6074479 0.5539971 0.6286924 0.6987316 0.6325736 0.5632826 0.7728012 0.4337625 0.1848516 0.5458184 0.9202924 0.4877065 0.5982502 0.5411738 0.5737561 0.6100423 0.5295619 0.4858744 0.5925752 0.6878464 0.8051087 0.5450603 0.6098830 0.5676069 0.5794827 0.6191064 0.5016634 0.5533772 0.7402811 0.7962415 0.5544547 0.6298623 0.5349802 0.4946926 0.6281459 0.5582898 0.6501890 0.5587676 0.5647608 0.9085209 0.5009408 0.5876645 0.5921994 0.5339593 0.6105737 0.5190344 0.6765936 0.6448361 0.7159790 0.5602214 0.5724692 0.5909924 0.7653506 0.5022803 0.5936185 0.5935450 0.6545552 0.5575769 0.6324029 1.2179625 0.6129897 0.5177484 0.5312595 
Cyanidioschyzon-merolae.ap.cs.fa        0.5500322 0.5960601 0.8498389 0.5535968 0.6664793 0.6754295 0.5913311 0.5783797 0.6230331 0.5404111 0.6833021 0.5771457 0.6337597 0.6404341 0.7619495 0.6595384 0.7647661 0.9335322 0.5389210 0.5761683 0.4546356 0.6248245 0.6401530 0.0000000 0.5260388 0.6639386 0.5261828 0.7388685 0.9997608 0.6004935 0.7717242 0.6111449 0.7405378 0.7382162 0.6676594 0.5914091 0.6509298 0.6801380 0.6747412 0.4237339 0.7705604 0.5969436 0.5996894 0.5799795 0.8023231 0.5214851 0.6829893 0.5533785 0.6035832 0.6430978 0.5645947 0.4874295 0.6282060 0.7362158 0.7695329 0.5908473 0.6582887 0.6088824 0.5977516 0.6365596 0.5291602 0.6034154 0.7182408 0.7854725 0.5718747 0.6489656 0.5856033 0.5321607 0.6556971 0.4344388 0.6934693 0.5876638 0.5842737 0.8737693 0.5289099 0.6021893 0.6185688 0.5620260 0.6321154 0.5385431 0.6704850 0.7002660 0.7117858 0.5828565 0.6092846 0.6413976 0.7558738 0.5363384 0.6706074 0.6365620 0.6767626 0.6076232 0.6569728 1.1861969 0.5965808 0.5609593 0.5459221 
Cyanophora-paradoxa.ap.cs.fa            0.3608989 0.4419475 0.7627089 0.4377146 0.5091222 0.5444649 0.4339605 0.3733598 0.4985538 0.3955557 0.5117318 0.4419485 0.4841207 0.4935510 0.6215588 0.4805392 0.6937352 0.8886340 0.4020083 0.4172264 0.4736910 0.4328721 0.4988754 0.5260388 0.0000000 0.4979031 0.3929553 0.5757128 0.8413640 0.4554947 0.6533205 0.4730914 0.6515313 0.6213876 0.4984298 0.4354796 0.5244215 0.5783762 0.5090912 0.4496122 0.5295503 0.4118132 0.4384268 0.3992595 0.7180076 0.3630950 0.5020907 0.4297363 0.4218706 0.4604247 0.4121943 0.3828990 0.4713670 0.5642851 0.6616298 0.3892411 0.4990327 0.4785226 0.4369078 0.4959533 0.3875052 0.4581426 0.6123479 0.6428244 0.4230056 0.5039999 0.3997626 0.3501257 0.5369983 0.4543345 0.5397653 0.4359985 0.4502787 0.7442571 0.3707580 0.4967420 0.5031006 0.3929701 0.4652335 0.3933670 0.5444218 0.5221075 0.5915440 0.4566827 0.4724907 0.4612323 0.6545009 0.3915144 0.4831119 0.4659548 0.5255479 0.4538128 0.5292533 1.0516154 0.4744187 0.4029826 0.3958807 
Dictyostelium-discoideum.ap.cs.fa       0.4469423 0.5784103 0.8334364 0.5275173 0.5908415 0.6642958 0.5235360 0.5194314 0.6112315 0.5394987 0.6631965 0.6031075 0.6268703 0.6357573 0.6969105 0.6246598 0.7875057 0.9691898 0.5687871 0.5437853 0.6014482 0.5956291 0.6373302 0.6639386 0.4979031 0.0000000 0.5098226 0.7025215 0.9664839 0.5918285 0.7272527 0.6166443 0.6993613 0.7478064 0.6080084 0.5830731 0.6588158 0.6405600 0.6376682 0.5887569 0.6488847 0.5765554 0.5875072 0.5101668 0.8995311 0.5210096 0.6339537 0.5079251 0.5321489 0.5741711 0.5714497 0.5291733 0.5986254 0.6709991 0.8339413 0.5133798 0.6289350 0.6480549 0.5897489 0.6434346 0.5453430 0.6072261 0.7009890 0.7538209 0.4932731 0.6302947 0.3995975 0.5272802 0.6308764 0.6231469 0.6727275 0.5669736 0.5731772 0.8802233 0.5064597 0.5653425 0.5983004 0.5652823 0.5690701 0.4999962 0.6309477 0.6456942 0.6875091 0.5895150 0.5959924 0.6089852 0.6999169 0.5604058 0.6514083 0.6199527 0.6215270 0.5647137 0.6600469 1.1716312 0.5771929 0.5803891 0.4982816 
Diphylleia-rotans.ap.cs.fa              0.3953281 0.4668093 0.7935490 0.4362845 0.5237437 0.5641127 0.4385409 0.4286388 0.5099783 0.4068266 0.5691711 0.4723248 0.5233554 0.5224618 0.6161563 0.5343633 0.7208227 0.8688788 0.4357580 0.4272947 0.4702761 0.4875401 0.5270873 0.5261828 0.3929553 0.5098226 0.0000000 0.6119626 0.8610848 0.4814244 0.6592248 0.4905155 0.6531954 0.6828376 0.5252439 0.4674764 0.5536699 0.5778839 0.5500594 0.4571655 0.5483356 0.4382933 0.4684945 0.4269890 0.7607099 0.3969070 0.5508064 0.4429532 0.4531132 0.5074802 0.4592091 0.4163913 0.5084414 0.5937172 0.7255714 0.4473243 0.5372734 0.5090630 0.4810912 0.5258408 0.4049227 0.4986972 0.6135621 0.6697315 0.4296960 0.5304674 0.4211625 0.4047912 0.5401496 0.4593127 0.5681266 0.4567226 0.4696004 0.7634759 0.3051164 0.4775776 0.5133344 0.4397520 0.4846361 0.4094745 0.5554898 0.5452217 0.5965379 0.5084920 0.5121710 0.5285774 0.6260551 0.4375334 0.5367260 0.5194322 0.5479769 0.4749493 0.5588651 1.1001320 0.4784796 0.4496385 0.4334209 
Diplonema-papillatum.ap.cs.fa           0.5771592 0.6699133 0.9203197 0.6306541 0.7212344 0.7325527 0.6333408 0.6303769 0.7041020 0.6099956 0.7301289 0.6445546 0.6891955 0.6959816 0.5759248 0.6983336 0.8664105 1.0541144 0.6175750 0.6380887 0.6549622 0.6638884 0.6937241 0.7388685 0.5757128 0.7025215 0.6119626 0.0000000 1.0652896 0.6443239 0.8127919 0.6496957 0.8117362 0.8478897 0.5141326 0.6390890 0.7145872 0.7542895 0.7197101 0.6617489 0.7298977 0.6238637 0.6423060 0.6242397 0.9762578 0.5920616 0.7307274 0.6213988 0.6572029 0.6747648 0.6379920 0.5510020 0.6978283 0.7097846 0.9708434 0.6251312 0.7138543 0.6890477 0.6835274 0.7048128 0.6049742 0.6749958 0.7937359 0.8736160 0.6286432 0.6987364 0.6225489 0.5912919 0.7055591 0.6786020 0.7393223 0.6571940 0.6371899 0.9496054 0.6010342 0.6632633 0.6976328 0.6190962 0.6776752 0.6219274 0.7576494 0.7015176 0.7904437 0.6073873 0.6337419 0.6506306 0.8226034 0.6152163 0.7092027 0.6778628 0.7061994 0.6531069 0.7022543 1.2962543 0.6395085 0.6376188 0.6154618 
Dysnectes-brevis.ap.cs.fa               0.8426239 0.9161697 0.7620227 0.8705343 0.9143988 1.0318658 0.9052851 0.8605402 0.9576768 0.8636102 1.0140913 0.8715764 0.9174316 0.9793780 1.0232064 0.9132817 0.8337295 0.7004251 0.9024804 0.9357428 0.9467639 1.0364573 0.9527934 0.9997608 0.8413640 0.9664839 0.8610848 1.0652896 0.0000000 0.9245906 0.9240248 0.9931744 0.9123703 0.7189500 0.9763976 0.9412197 0.9613232 1.0184468 0.9404273 0.8899473 1.0016117 0.9165715 0.8894435 0.8808683 0.6559818 0.8581177 0.9357086 0.8850969 0.8436898 0.9394379 0.8672445 0.8622007 0.8975509 0.9689063 0.8921237 0.9148015 0.9651868 1.0531060 0.9560492 0.9319273 0.8583521 0.9285111 0.9550519 0.9996763 0.8593930 0.9002675 0.8806985 0.8472458 1.0131918 0.9489377 1.0202359 0.8922987 0.8892561 1.1474544 0.8693710 0.8700967 0.9180563 0.9139957 0.9617179 0.8503139 0.9114242 0.8797426 0.9573352 0.8884732 0.9093614 0.9171742 0.9138837 0.8747349 0.9822231 0.9392503 0.9014173 0.9020370 1.0005725 0.7273132 0.8202325 0.9245404 0.8789794 
Ectocarpus-siliculosus.ap.cs.fa         0.4603743 0.5062009 0.8270226 0.5033232 0.5927954 0.5782777 0.5168250 0.4833613 0.5685834 0.4727488 0.3857789 0.5247782 0.5379424 0.5471366 0.6804571 0.3496153 0.7727361 0.9384747 0.4897497 0.4807959 0.5449285 0.4970983 0.5783838 0.6004935 0.4554947 0.5918285 0.4814244 0.6443239 0.9245906 0.0000000 0.7021229 0.5122268 0.7298214 0.7199449 0.5656703 0.5102165 0.3819594 0.6240977 0.3885469 0.5477032 0.6366071 0.5034987 0.5252580 0.4938959 0.8244155 0.4513340 0.3653020 0.5016400 0.5090510 0.5506178 0.4850176 0.4482131 0.5610165 0.6554072 0.6283560 0.4712705 0.3680454 0.5538380 0.5295626 0.3499313 0.4630501 0.5307587 0.6701720 0.7248778 0.4882014 0.3638749 0.4764011 0.4441418 0.5629451 0.5171642 0.5773468 0.5087702 0.5178678 0.8337321 0.4745211 0.5472325 0.5773593 0.4786056 0.5408032 0.4617354 0.6099822 0.6224120 0.6581497 0.5171416 0.5386001 0.5504545 0.6934216 0.4832574 0.3630882 0.3510713 0.5843543 0.3558717 0.5697300 1.1686772 0.5535551 0.4946262 0.4838129 
Elphidium-margaritaceum.ap.cs.fa        0.6415182 0.7327564 0.8887439 0.7037898 0.7430829 0.7871636 0.6859948 0.6830131 0.7503660 0.7099378 0.7989793 0.7380073 0.7995011 0.6770329 0.8285617 0.7429680 0.8792822 1.0233592 0.7186475 0.7100794 0.7506053 0.7401756 0.7942471 0.7717242 0.6533205 0.7272527 0.6592248 0.8127919 0.9240248 0.7021229 0.0000000 0.7814436 0.8419085 0.8394686 0.7393092 0.7258974 0.7538396 0.7929732 0.7311427 0.7245228 0.7630571 0.7156513 0.7358271 0.7287143 1.0154142 0.6793438 0.7536795 0.6612658 0.7305744 0.7168190 0.7057782 0.6754077 0.7225914 0.7609499 1.0734463 0.6623742 0.7135424 0.7735946 0.7291974 0.7561927 0.6933269 0.7657532 0.7708172 0.8483870 0.7106051 0.7232661 0.6405572 0.6890277 0.7696060 0.7342361 0.7914633 0.7080005 0.7185534 0.4035177 0.6676698 0.6956391 0.7659378 0.7270198 0.7534982 0.6957661 0.7690627 0.7520064 0.7829374 0.7433852 0.7425981 0.7661419 0.8162517 0.7171960 0.7728634 0.7418113 0.7766866 0.6673686 0.7654248 1.1912452 0.7321135 0.7139306 0.6611138 
Emiliana-huxleyi.ap.cs.fa               0.4876028 0.5477513 0.8895460 0.5434311 0.6241655 0.5939597 0.5266002 0.4996888 0.5970356 0.4975022 0.5819616 0.5467830 0.5639587 0.5995846 0.6914048 0.5540089 0.7897346 1.0240136 0.4932304 0.5188770 0.5346515 0.2299245 0.5604587 0.6111449 0.4730914 0.6166443 0.4905155 0.6496957 0.9931744 0.5122268 0.7814436 0.0000000 0.7722258 0.7509174 0.5890814 0.5213433 0.5910571 0.6980101 0.5956037 0.5756371 0.7150719 0.5124756 0.5193684 0.5206944 0.8516821 0.4770325 0.5800800 0.5260439 0.5236164 0.5784610 0.5028561 0.4492585 0.5717909 0.7021417 0.8484300 0.5169111 0.5822511 0.5526533 0.5709814 0.5663673 0.4835872 0.5458905 0.7386224 0.7856058 0.5334056 0.5753406 0.5049989 0.4861427 0.5832081 0.5354551 0.6048153 0.5313065 0.5398311 0.9383127 0.4764090 0.5630657 0.6107125 0.5097601 0.5822916 0.4890593 0.6491039 0.6806222 0.7229304 0.5231380 0.5362542 0.5643946 0.7434370 0.4749500 0.5703109 0.5550033 0.6445484 0.5387024 0.5773673 1.2326942 0.6073372 0.5150605 0.5089253 
Entamoeba-dispar.ap.cs.fa               0.6027094 0.6962768 0.9394926 0.6521581 0.7061569 0.8165011 0.6554580 0.6958524 0.7679962 0.6751620 0.8296430 0.7043237 0.7787415 0.7502132 0.7789612 0.7542461 0.8579957 0.9693247 0.6944562 0.6836153 0.7224292 0.7491034 0.7901998 0.7405378 0.6515313 0.6993613 0.6531954 0.8117362 0.9123703 0.7298214 0.8419085 0.7722258 0.0000000 0.8945334 0.7376708 0.7408728 0.7837484 0.7737255 0.7774006 0.6679531 0.7450962 0.7269805 0.7544180 0.6823038 0.9655437 0.6775600 0.7899244 0.6365477 0.6896914 0.7319493 0.6950095 0.6751130 0.7140489 0.7420165 1.0646387 0.6637310 0.7682206 0.7735451 0.6899406 0.7741349 0.6618762 0.7368942 0.8123184 0.8593028 0.6735396 0.7691981 0.6175009 0.6754572 0.7867282 0.7135305 0.8232422 0.6874957 0.6889845 0.9623355 0.6480104 0.6804075 0.7115303 0.6990925 0.7534288 0.6596435 0.7683907 0.7124252 0.7986331 0.7168470 0.7075245 0.7445316 0.8170719 0.6951088 0.7744777 0.7587413 0.7370764 0.6964568 0.7865950 1.1623981 0.6972829 0.6973136 0.6278461 
Ergobibamus-cyprinoides.ap.cs.fa        0.6371399 0.7376215 0.6686323 0.6505177 0.7141722 0.8275043 0.6998765 0.6767173 0.7263416 0.6754714 0.7821051 0.6976093 0.7541864 0.7540853 0.8602407 0.7466548 0.6733211 0.7905561 0.6845290 0.7036610 0.7321531 0.7673812 0.7828877 0.7382162 0.6213876 0.7478064 0.6828376 0.8478897 0.7189500 0.7199449 0.8394686 0.7509174 0.8945334 0.0000000 0.7747316 0.7090743 0.7650250 0.7282300 0.7576251 0.6879865 0.8576473 0.7411431 0.7377688 0.6843167 0.7271191 0.6761602 0.7738919 0.6709768 0.6581836 0.7361881 0.7103851 0.6562078 0.7140291 0.8037779 0.9957495 0.6536516 0.7622421 0.7596217 0.6924269 0.7587301 0.6678773 0.7271080 0.8855111 0.9028691 0.6827441 0.7467012 0.6490590 0.6441956 0.8304374 0.7047145 0.7962025 0.7194133 0.7155169 0.9826752 0.6614397 0.6869601 0.7206740 0.7075133 0.7369947 0.6474650 0.7861147 0.7430616 0.8717413 0.7422103 0.7525217 0.7588998 0.8472814 0.6737986 0.7591658 0.7386956 0.7738196 0.6976362 0.8017842 1.1131878 0.6777027 0.6744766 0.6687227 
Euglena-gracilis.ap.cs.fa               0.4919796 0.5777938 0.7996338 0.5592680 0.6389871 0.6423577 0.5668877 0.5097269 0.6251047 0.5392292 0.6083252 0.5895097 0.5938598 0.6235356 0.5199868 0.5994899 0.7836014 0.9462127 0.5431057 0.5517637 0.5804374 0.5859816 0.6074479 0.6676594 0.4984298 0.6080084 0.5252439 0.5141326 0.9763976 0.5656703 0.7393092 0.5890814 0.7376708 0.7747316 0.0000000 0.5859546 0.6250818 0.6647883 0.6207459 0.5830843 0.5825624 0.5530613 0.5829788 0.5298751 0.9609990 0.5116380 0.6139650 0.5526440 0.5548494 0.6062047 0.5625738 0.4938549 0.6082955 0.6383738 0.8167210 0.5286553 0.6309098 0.6180812 0.6048667 0.5925565 0.5234658 0.5902280 0.7283564 0.8111394 0.5581929 0.5910253 0.5173265 0.5219020 0.6217143 0.5858587 0.6673350 0.5459296 0.5411859 0.8572054 0.5100296 0.5826475 0.6394323 0.5205956 0.6114110 0.5307936 0.6648264 0.6457935 0.7234390 0.5686433 0.5791173 0.5884689 0.7470390 0.5665224 0.6260435 0.5978091 0.6488815 0.5593942 0.6348861 1.2627460 0.5933461 0.5622287 0.5440475 
Fabomonas-tropica.ap.cs.fa              0.4476206 0.5023370 0.8544162 0.4900089 0.5786735 0.6073893 0.5096651 0.4747031 0.4672306 0.4756843 0.5648337 0.5128596 0.5370755 0.5418063 0.6855290 0.5427107 0.7603999 0.9507669 0.4899306 0.4817275 0.5165703 0.4951119 0.5539971 0.5914091 0.4354796 0.5830731 0.4674764 0.6390890 0.9412197 0.5102165 0.7258974 0.5213433 0.7408728 0.7090743 0.5859546 0.0000000 0.5649080 0.6295644 0.5659214 0.5329352 0.6744783 0.5033286 0.4981145 0.4728437 0.8122064 0.4539740 0.5815747 0.4818097 0.5017366 0.5512108 0.4901288 0.4619682 0.5565564 0.6588296 0.6976667 0.4971242 0.5399528 0.5798800 0.4558686 0.5422999 0.4697547 0.5399540 0.6901608 0.7365522 0.4865277 0.5398334 0.4508439 0.4396451 0.5890371 0.5201571 0.6098351 0.4923023 0.5089530 0.8189074 0.4519284 0.5358937 0.5455036 0.4778828 0.5192519 0.4511922 0.6264438 0.6292023 0.6748767 0.5134541 0.5133482 0.5331038 0.7160965 0.4724941 0.5634899 0.5347910 0.5814438 0.5091706 0.5918350 1.1939764 0.5481686 0.4962390 0.4746249 
Fistulifera-solaris.ap.cs.fa            0.5346313 0.5664999 0.8855472 0.5613947 0.6478340 0.6181611 0.5806872 0.5450717 0.6317048 0.5437593 0.4539383 0.5791952 0.6000656 0.6056741 0.7157991 0.2651041 0.8245236 0.9665007 0.5459243 0.5311520 0.6043469 0.5790642 0.6286924 0.6509298 0.5244215 0.6588158 0.5536699 0.7145872 0.9613232 0.3819594 0.7538396 0.5910571 0.7837484 0.7650250 0.6250818 0.5649080 0.0000000 0.7091448 0.1904201 0.6056231 0.7078380 0.5785075 0.5845023 0.5579250 0.8674548 0.5200811 0.2229459 0.5648601 0.5593194 0.6157940 0.5521409 0.5155379 0.6131775 0.7116037 0.6846519 0.5377585 0.1649140 0.5983536 0.5970068 0.1900176 0.5351890 0.5778630 0.7283508 0.7856103 0.5651794 0.1333500 0.5337633 0.5102050 0.6097766 0.5955483 0.6197632 0.5663256 0.5751190 0.8631868 0.5354085 0.6039080 0.6385066 0.5549515 0.6031549 0.5431225 0.6670077 0.6970381 0.7155436 0.5788552 0.5958584 0.6046433 0.7289926 0.5374078 0.1981147 0.1844784 0.6738906 0.4157601 0.6180349 1.2100543 0.6034328 0.5492097 0.5550079 
Fonticula-alba.ap.cs.fa                 0.5464600 0.6322489 0.8836353 0.4986008 0.6549002 0.7396721 0.5756756 0.5640830 0.6790006 0.5969424 0.7210008 0.5995158 0.6683124 0.6818176 0.7668541 0.6844638 0.7852558 0.9850054 0.5995502 0.6061214 0.6267126 0.6628524 0.6987316 0.6801380 0.5783762 0.6405600 0.5778839 0.7542895 1.0184468 0.6240977 0.7929732 0.6980101 0.7737255 0.7282300 0.6647883 0.6295644 0.7091448 0.0000000 0.6835808 0.6129843 0.7750862 0.6446608 0.6541217 0.5722387 0.8190462 0.5684524 0.7092447 0.5665473 0.5023916 0.6186573 0.6125835 0.5582064 0.5832014 0.7490587 0.8241660 0.5529499 0.6961787 0.6829962 0.6094967 0.6767387 0.6011277 0.6434656 0.7659511 0.8240311 0.4372132 0.6693673 0.5684076 0.5704396 0.7236982 0.6342937 0.7367776 0.6174865 0.6178005 0.9389437 0.5585981 0.5742819 0.5682406 0.6159622 0.6408387 0.4844488 0.7230361 0.7095172 0.7513154 0.6249161 0.6614258 0.6913655 0.7612664 0.5692125 0.6829222 0.6696523 0.6576582 0.6428230 0.7260447 1.2037108 0.6156409 0.5876408 0.5478245 
Fragilariopsis-cylindrus.ap.cs.fa       0.5174063 0.5821156 0.8730103 0.5651692 0.6410804 0.6234980 0.5815586 0.5410348 0.6326286 0.5453758 0.4286712 0.5963286 0.5930711 0.5996492 0.7382326 0.2758320 0.7971929 0.9386864 0.5456403 0.5442376 0.5961661 0.5662801 0.6325736 0.6747412 0.5090912 0.6376682 0.5500594 0.7197101 0.9404273 0.3885469 0.7311427 0.5956037 0.7774006 0.7576251 0.6207459 0.5659214 0.1904201 0.6835808 0.0000000 0.5914898 0.6374438 0.5836887 0.5755224 0.5573784 0.8513997 0.5163616 0.2272165 0.5562566 0.5575259 0.6130848 0.5380923 0.5121968 0.6220696 0.6904117 0.6933434 0.5392065 0.1114962 0.6186169 0.5971266 0.1864257 0.5274290 0.5805577 0.7320011 0.7982137 0.5624444 0.1713733 0.5335423 0.5133117 0.6100516 0.5994614 0.6322793 0.5738422 0.5785076 0.8782803 0.5398598 0.6148437 0.6172019 0.5272740 0.6086517 0.5341579 0.6659398 0.6914814 0.7139012 0.5760019 0.6051942 0.5985676 0.7394990 0.5287483 0.1971020 0.1912729 0.6626822 0.4102814 0.6137697 1.2150836 0.6083160 0.5544914 0.5536599 
